128

0
-1
-1
-1
-1
4363
1470
1155
-1
3260
679
-1
4248
3406
-1
-1
-1
4803
2847
-1
4170
-1
-1
3260
2247
1346
-1
1263
-1
1492
-1
-1
3672
-1
-1
4056
-1
535
142
2674
-1
569
650
-1
4424
423
4810
2381
-1
4026
-1
359
-1
-1
-1
2913
1426
2483
3687
2435
1260
-1
855
-1
2657
940
855
-1
-1
1707
-1
-1
3262
-1
3023
-1
-1
-1
-1
-1
821
2854
4810
-1
1514
4793
3150
-1
98
1311
-1
3607
-1
-1
-1
-1
3985
233
4527
3601
-1
2122
2515
4671
3067
3226
-1
4192
-1
-1
2154
4964
2149
1683
-1
3016
-1
965
1822
-1
3770
140
-1
-1
-1
4993
3511
550
313
0
3597
-1
2430
-1
4051
-1
-1
-1
-1
367
-1
440
3094
-1
-1
-1
4490
2535
3157
1143
-1
494
3572
2559
1033
-1
950
-1
3821
-1
1722
1641
-1
-1
-1
4307
4778
171
2986
-1
-1
962
-1
-1
-1
-1
-1
196
-1
1207
-1
2471
-1
4166
2400
3887
2205
-1
2122
-1
-1
1167
2107
2969
1253
543
4915
635
1395
1499
1814
2950
4710
2711
2708
2784
4563
-1
-1
1133
-1
-1
-1
3799
520
2164
-1
4786
1624
2955
-1
381
-1
2496
935
4297
4920
-1
1087
3038
2435
2173
-1
-1
-1
3619
3880
1456
-1
1841
350
2461
-1
3550
3328
4874
652
-1
-1
-1
-1
718
535
-1
4695
3824
4764
4376
0
-1
2886
2742
-1
-1
-1
-1
294
2635
4947
-1
-1
2220
-1
4178
1212
823
2222
2845
1456
3177
181
-1
-1
-1
611
638
1963
4134
152
3592
3047
2264
1558
3431
4620
-1
-1
-1
-1
-1
3726
-1
3799
-1
-1
3006
-1
-1
4107
984
2784
-1
-1
2288
4200
-1
-1
-1
-1
2962
1480
2420
-1
3436
230
398
-1
1082
-1
2127
2364
4979
-1
-1
-1
-1
-1
3167
-1
3479
4566
189
-1
-1
2476
3460
-1
-1
3267
-1
694
1790
-1
3753
4610
4608
3902
4226
-1
-1
1861
4046
-1
-1
1070
3567
-1
3704
1529
662
-1
2693
-1
-1
4561
4661
-1
4632
-1
765
-1
848
2979
-1
4136
4925
4063
0
-1
2427
-1
1397
3426
533
-1
20
-1
-1
4739
4815
2532
4800
4490
-1
1136
-1
2469
-1
-1
132
4197
1817
408
4078
-1
1651
-1
-1
1097
2266
3050
-1
3118
4932
403
4205
-1
3653
-1
-1
4090
-1
1360
-1
3318
-1
4964
4419
3704
-1
-1
1460
1976
4512
-1
2750
-1
4678
-1
1792
2269
3594
3123
4918
4290
-1
-1
2124
2562
2676
-1
-1
-1
-1
4813
2545
2146
1758
3792
-1
-1
-1
-1
2789
-1
-1
-1
3580
2669
3995
2102
-1
1560
79
-1
3589
-1
2588
3060
3453
-1
-1
-1
757
-1
-1
984
3785
4026
-1
2620
-1
-1
752
27
4117
-1
2833
1077
93
1160
-1
-1
-1
389
3751
0
467
2261
-1
-1
-1
-1
-1
4669
2991
-1
574
4503
2156
4888
4803
-1
3553
-1
2220
2920
3802
4556
491
-1
4905
1236
13
3663
-1
-1
784
-1
1639
-1
2806
4756
-1
3892
1077
-1
-1
-1
599
3174
3328
1441
1370
4258
4725
-1
3392
-1
2371
3228
1663
-1
3733
2564
1185
-1
-1
-1
1956
-1
-1
396
3978
1573
-1
2437
-1
2012
647
1773
1771
-1
501
-1
2542
2071
897
3941
437
-1
3543
3101
2166
3848
2561
3892
2644
-1
2586
-1
1873
235
3983
-1
150
2100
-1
1236
-1
-1
-1
4556
2942
-1
672
904
1287
1602
2068
2613
735
-1
-1
4429
-1
-1
1390
4781
1473
2647
-1
-1
701
1563
0
4847
1949
1321
772
2200
93
408
4356
-1
-1
4114
-1
3157
-1
115
4727
3240
3716
1907
2393
-1
757
-1
-1
4783
-1
4700
-1
71
1089
4529
2891
-1
-1
2508
557
-1
-1
765
-1
-1
-1
4715
2139
3016
3248
-1
1055
4412
44
3079
-1
2942
2916
-1
137
955
2876
4129
-1
1102
-1
1644
-1
2498
4293
3665
1885
-1
-1
1937
3301
-1
3540
1458
3467
813
-1
-1
2618
4417
-1
750
49
1770
-1
-1
-1
2127
-1
2957
1631
-1
-1
2185
547
1331
2964
164
1788
3685
-1
3108
-1
-1
-1
2630
206
-1
4410
-1
3711
3245
2701
423
3624
599
-1
1307
2793
-1
4468
3216
2959
-1
74
1014
-1
0
4842
-1
1009
-1
2513
-1
-1
-1
3616
1197
3802
3878
3470
-1
4573
39
-1
4029
1595
2295
574
-1
135
4122
530
-1
4388
4288
4617
1402
4842
1797
3987
308
2820
4131
3660
-1
4549
-1
-1
-1
27
2549
-1
2066
-1
1368
901
357
2767
4034
-1
-1
1038
4551
4358
-1
560
-1
789
-1
3670
469
-1
3980
1648
2803
-1
1939
-1
3614
3729
3853
1146
1221
-1
-1
3084
2305
-1
1685
1062
362
2918
1275
2210
3223
3186
-1
1732
1944
-1
-1
2498
-1
-1
2349
4525
1475
-1
-1
2796
-1
4900
-1
2317
108
-1
279
-1
4024
3558
1988
4891
-1
911
54
-1
-1
2015
4156
2903
-1
-1
4615
-1
2813
0
4529
-1
696
4854
-1
718
-1
-1
3929
3492
1512
-1
-1
1050
740
352
2386
-1
1282
-1
262
3619
-1
567
843
2173
926
-1
696
-1
-1
-1
701
4996
1868
-1
-1
-1
140
-1
2244
2164
-1
2764
-1
2623
4568
1680
-1
4332
-1
655
3567
-1
726
-1
330
1500
247
928
-1
-1
-1
-1
-1
1333
3040
-1
-1
3374
3689
-1
3416
-1
4168
-1
-1
-1
3396
3008
-1
-1
-1
674
2606
-1
3103
2090
3499
4830
-1
2745
-1
-1
2810
-1
-1
-1
-1
-1
4310
4703
2518
254
413
4507
-1
4581
4734
-1
-1
665
1131
1675
-1
2999
3777
-1
-1
1583
2674
3843
2591
1417
-1
-1
-1
-1
0
4217
3990
-1
4835
-1
1031
-1
3419
4241
-1
3177
3253
906
-1
-1
4337
2303
4654
-1
1670
4949
3306
760
4747
1155
2486
3763
88
1009
2027
467
-1
-1
318
3445
-1
-1
2359
4827
2090
1932
3150
-1
1924
-1
2310
120
3008
-1
4019
-1
4659
1121
1978
413
-1
-1
-1
4935
3760
-1
-1
706
157
1561
1646
2728
2178
794
3687
4002
4239
3104
523
521
596
1751
982
1292
1680
-1
2310
1687
-1
2708
-1
-1
2598
-1
4859
-1
2432
-1
4683
-1
-1
-1
2974
-1
-1
-1
-1
-1
-1
726
4195
-1
-1
579
-1
2464
-1
-1
-1
516
2686
1536
4322
2244
-1
-1
-1
-1
1104
-1
-1
-1
2188
0
3904
-1
71
4522
-1
3658
-1
-1
4554
-1
2137
-1
-1
3326
-1
977
-1
4966
-1
-1
4637
2994
-1
4942
-1
2798
-1
-1
-1
2662
4222
860
4925
630
3758
-1
2723
2330
-1
-1
1619
1539
4036
-1
-1
1998
193
2696
1839
3707
1829
4971
809
3335
-1
-1
296
-1
-1
1553
149
3667
-1
469
-1
3043
2586
3135
1106
-1
687
-1
2210
211
208
284
2938
670
-1
-1
-1
2622
-1
-1
1981
4664
3728
2286
877
-1
-1
2120
3977
5
3435
3204
2420
1714
-1
-1
66
328
3143
-1
3963
3882
1380
-1
-1
-1
-1
4961
-1
-1
-1
2374
1849
4009
-1
958
-1
-1
-1
4209
2195
3677
2737
3125
0
3592
-1
242
-1
1238
-1
-1
-1
-1
2554
2449
-1
-1
-1
-1
-1
-1
-1
4656
1045
-1
2320
3616
372
3221
-1
3138
-1
1634
2652
-1
547
4764
4058
4070
2881
-1
-1
4202
1465
1307
3775
-1
-1
3548
-1
-1
2383
2850
-1
-1
4717
-1
1353
4788
1700
608
562
-1
3135
4539
-1
81
782
-1
2271
-1
3448
-1
4312
4627
-1
2522
103
4896
4971
2625
-1
667
-1
-1
-1
-1
-1
-1
25
4041
1973
565
-1
4519
1807
711
308
1253
-1
2893
1402
1726
-1
-1
4361
3455
3809
-1
-1
1067
-1
3797
-1
1839
-1
193
-1
-1
2940
2840
3697
2132
-1
3265
2095
1653
4522
3118
3365
2576
3438
0
3279
-1
555
-1
-1
-1
2283
-1
-1
-1
2239
-1
4969
-1
3011
3399
3636
591
-1
-1
4012
2632
1697
684
2908
1578
2176
4151
3055
2037
3597
-1
550
1255
-1
-1
2098
-1
1111
1153
-1
914
1590
987
-1
1373
4183
-1
2537
-1
-1
4405
4817
3960
525
-1
-1
250
-1
2823
4227
4292
-1
-1
4378
-1
3211
1241
-1
-1
4939
-1
-1
415
-1
4659
2688
45
355
743
1292
-1
2625
-1
1356
4712
4353
3340
-1
3921
169
-1
4602
-1
4060
2579
1795
3912
2039
88
4441
4048
3768
3497
-1
3257
-1
3331
-1
3716
-1
-1
-1
4576
3548
1749
-1
3384
1819
4668
-1
2408
1341
167
3431
1949
-1
3750
0
2967
240
4134
1416
4388
2720
2596
2169
4510
1929
-1
2003
4656
2613
2303
3087
-1
-1
-1
-1
3699
2056
2991
-1
-1
1265
2513
-1
2742
3277
-1
79
862
1568
4695
-1
3216
3609
1424
840
682
4400
3099
-1
-1
-1
-1
3243
-1
2769
4109
-1
130
4273
838
-1
3768
64
-1
-1
3914
396
-1
-1
311
2105
3523
4073
-1
64
4749
-1
-1
-1
4271
655
-1
269
4959
430
-1
-1
2064
-1
3958
-1
335
-1
61
3609
144
3819
86
4068
-1
-1
1483
-1
2351
-1
-1
1265
921
3184
-1
2056
-1
-1
-1
-1
-1
4102
-1
113
-1
-1
2786
1929
1507
20
-1
-1
-1
-1
3743
-1
1800
-1
0
2654
552
-1
1729
301
-1
2908
-1
-1
-1
1614
1690
-1
2076
2386
2227
740
3785
594
108
1614
3257
2679
1309
2283
953
2200
3526
2571
3589
2029
391
3826
3121
-1
-1
-1
3921
1736
528
-1
-1
-1
-1
-1
-1
3558
1446
-1
2457
579
1221
-1
416
-1
-1
1546
-1
-1
2803
3602
-1
857
-1
4998
1793
3836
4385
-1
249
-1
801
1541
1040
-1
967
1688
4420
4730
4883
3084
3872
-1
2549
-1
-1
4978
1036
-1
1705
-1
870
4774
-1
-1
3047
1170
-1
-1
713
3816
1578
4393
-1
2288
-1
-1
-1
2142
-1
-1
-1
745
-1
2078
3877
-1
2759
1194
4708
799
-1
716
-1
-1
-1
1487
-1
0
2659
4136
-1
2960
-1
2095
1780
1544
-1
3697
-1
3623
-1
3238
-1
2462
-1
1529
-1
-1
1927
-1
-1
-1
-1
4361
1888
1788
2117
-1
-1
-1
-1
-1
320
3370
1160
4234
2952
215
57
4976
2474
-1
-1
4566
-1
-1
-1
2144
267
1534
-1
103
-1
2051
-1
-1
-1
-1
1712
230
-1
2032
315
-1
-1
-1
-1
-1
4124
-1
1229
-1
3646
3721
1375
894
4417
196
-1
4185
-1
-1
418
-1
291
723
4315
2984
-1
-1
-1
-1
3
-1
858
-1
2025
1026
1497
3111
4705
-1
-1
2681
184
2393
-1
2222
-1
1524
-1
-1
-1
-1
3411
-1
-1
4395
486
-1
-1
-1
633
-1
3826
-1
0
-1
-1
1805
-1
325
-1
-1
-1
-1
992
-1
1065
-1
1451
1761
2149
-1
3160
3782
-1
-1
-1
2054
-1
1658
-1
-1
-1
-1
-1
-1
-1
-1
2496
4368
1319
4153
455
-1
98
257
337
-1
-1
-1
123
-1
-1
-1
3169
4954
3155
3934
-1
1775
3262
2830
4000
-1
-1
2024
-1
1482
2657
-1
3833
-1
4991
2981
-1
-1
-1
4085
1665
3333
1592
-1
1206
896
508
-1
504
-1
1827
-1
-1
-1
411
999
2671
1082
4756
-1
-1
-1
-1
-1
-1
-1
-1
1810
2798
18
2754
2088
2007
-1
-1
-1
-1
-1
3165
-1
4175
2703
-1
3724
2134
4432
918
174
3658
-1
-1
-1
1802
-1
1
0
3284
-1
2117
2666
4363
-1
3846
-1
1741
4322
-1
753
3406
1138
1448
-1
-1
2847
-1
4170
-1
-1
-1
2754
3655
15
-1
2588
3509
4527
2967
1329
2889
-1
945
1006
535
4859
-1
411
4432
-1
-1
-1
-1
4810
2620
-1
975
3482
-1
-1
3621
-1
-1
1426
2518
3687
2435
1260
-1
4146
3206
-1
-1
-1
4773
4678
3294
-1
-1
-1
4397
3023
3021
1905
4251
3482
1209
4180
2147
-1
-1
1514
-1
3150
-1
-1
3690
-1
3607
-1
1165
-1
-1
3985
-1
474
-1
-1
2122
2486
4671
-1
-1
1695
809
-1
3079
-1
-1
2149
3318
-1
3016
4815
965
-1
257
3770
4861
3970
-1
3604
8
1490
-1
-1
0
-1
-1
2430
-1
950
1158
-1
-1
-1
4634
4637
4561
-1
-1
-1
1524
-1
2466
1844
3858
-1
-1
-1
-1
3968
298
-1
2276
-1
-1
-1
3360
2425
-1
-1
-1
4778
4830
-1
723
882
962
3465
-1
-1
-1
-1
-1
662
3794
4329
2471
-1
4166
-1
3887
2796
3375
2879
-1
-1
1167
-1
-1
3748
543
4915
-1
1395
3502
-1
-1
-1
2290
-1
-1
-1
-1
-1
-1
1834
4879
-1
3799
-1
2837
-1
215
3377
-1
3294
381
1477
2496
-1
4297
81
-1
-1
1963
2435
-1
643
-1
-1
3619
1121
-1
3392
1841
-1
2461
1995
3550
1673
-1
4349
3492
4944
-1
-1
-1
-1
-1
4695
3824
-1
-1
0
3909
2115
-1
-1
-1
845
-1
294
2366
54
-1
-1
2220
513
4178
3789
-1
2779
2156
3545
1824
-1
1116
2872
-1
-1
-1
1963
4134
-1
3592
3047
-1
-1
3431
-1
-1
484
3299
-1
1194
3726
3777
3799
-1
-1
3006
118
-1
894
-1
2217
2005
3853
2288
-1
3108
-1
-1
4366
-1
1480
2420
-1
1565
4771
-1
948
-1
-1
-1
2637
-1
-1
2396
2530
125
-1
1834
1446
3479
-1
4812
889
4168
2476
3460
-1
1936
1734
-1
694
-1
2808
3753
391
393
-1
-1
-1
-1
3140
-1
1309
-1
1070
-1
3858
1297
-1
4339
-1
2308
-1
3641
-1
-1
3804
-1
-1
4236
-1
848
-1
-1
4136
76
-1
0
779
2574
3055
1397
-1
-1
-1
4981
-1
259
4739
186
2469
-1
4490
899
3865
-1
-1
-1
-1
132
-1
-1
-1
-1
325
1651
-1
464
3904
2266
3050
-1
3118
69
-1
-1
-1
3653
1507
3414
-1
3487
1360
3873
1683
4571
4964
-1
1297
-1
2317
3541
-1
-1
1580
2750
-1
323
-1
1792
2269
1407
1878
83
4290
3741
770
2124
2439
2325
335
-1
2083
2842
188
2456
2146
-1
1209
4254
-1
-1
3856
2789
-1
-1
2752
3580
2669
3995
-1
-1
3441
4922
4295
-1
4539
2413
-1
-1
1268
-1
-1
757
-1
4170
984
-1
4026
1915
2620
2925
-1
-1
27
4117
682
-1
3924
93
-1
-1
-1
4449
389
-1
0
-1
2261
-1
-1
-1
-1
-1
332
2991
4429
574
4503
2156
-1
198
-1
1448
-1
2781
2081
1199
4556
491
-1
96
-1
4988
3663
242
4224
4217
2579
3362
-1
2806
245
716
-1
3924
-1
1819
3101
4402
1827
3328
3560
1370
4258
4725
-1
3392
1592
-1
-1
1663
176
-1
2564
3816
-1
1414
-1
3045
-1
2811
-1
3978
-1
4544
2564
2249
2012
-1
-1
1771
3155
501
-1
2542
-1
4104
1060
4564
264
-1
3101
-1
3848
2561
3892
2357
-1
2586
-1
1873
235
-1
3277
150
2100
-1
1236
-1
4317
-1
4556
2942
-1
4329
4097
1287
1602
2933
2613
4266
3936
-1
572
4007
2481
3611
4781
3528
2354
-1
240
4300
-1
0
154
-1
1321
4229
2801
-1
-1
645
-1
884
4114
-1
3157
425
115
274
1761
-1
3094
-1
887
757
179
-1
4783
1548
301
-1
-1
-1
472
-1
-1
-1
2508
4444
3973
1421
-1
-1
2869
2789
4715
2139
3016
1753
-1
1055
589
44
1922
-1
-1
-1
-1
-1
-1
2125
872
4698
-1
-1
3357
-1
2498
4293
3665
-1
4856
-1
3064
1700
-1
-1
1458
-1
4188
-1
2771
-1
4417
-1
750
4952
-1
3414
-1
-1
2874
-1
2044
1631
-1
-1
-1
547
-1
-1
164
1788
-1
-1
1893
372
-1
-1
2371
206
-1
591
-1
3711
-1
2701
423
-1
4402
4742
-1
2208
3299
4468
1785
2042
-1
-1
-1
3126
0
-1
3365
1009
-1
2488
-1
-1
-1
3616
1197
3802
1123
-1
-1
428
39
-1
-1
3406
-1
-1
-1
4866
-1
530
3140
613
4288
-1
-1
-1
1797
3987
-1
2181
870
-1
1734
-1
-1
2444
2476
27
2549
2298
2935
4256
3633
4100
357
2234
-1
1746
2603
1038
450
-1
3189
4441
-1
-1
2730
1331
-1
-1
3980
1648
-1
169
3062
3377
3614
1272
3853
1146
3780
3875
3394
-1
-1
4729
-1
3939
4639
2083
3726
-1
1778
3186
-1
1732
-1
3040
-1
2503
860
3358
2652
4525
1475
-1
-1
2205
-1
4900
-1
2317
108
-1
4722
1912
4024
-1
1988
4891
-1
4090
4947
-1
-1
2015
4156
2098
-1
-1
386
1326
-1
0
-1
-1
696
147
-1
4283
3968
3731
3929
-1
1512
-1
-1
-1
740
352
-1
-1
1282
1983
4739
-1
-1
567
-1
2828
4075
4600
696
3287
4847
1485
701
5
3133
-1
1653
2955
-1
-1
2244
2164
-1
2237
2610
2378
-1
3321
3787
4332
-1
655
1434
2291
4275
762
330
-1
-1
-1
4524
-1
-1
-1
3128
1333
-1
-1
481
1627
1312
-1
3416
836
-1
-1
3563
1295
-1
3008
42
-1
-1
4327
2395
-1
-1
2090
3499
-1
1419
-1
-1
-1
-1
-1
1956
2339
-1
1163
4310
-1
2518
-1
413
494
2996
420
4734
-1
-1
4336
1131
3326
-1
2999
1224
367
-1
3418
2674
-1
-1
3584
2820
-1
1639
-1
0
-1
-1
-1
166
-1
1031
-1
-1
760
-1
-1
-1
-1
-1
-1
4337
2303
-1
4031
-1
52
-1
760
4747
-1
2486
-1
88
-1
2974
4534
1172
-1
4683
1556
-1
3035
-1
-1
2911
1932
1851
652
3077
2078
-1
-1
1993
-1
4019
-1
342
3880
-1
-1
1075
-1
1187
4935
-1
4837
3355
706
157
-1
1646
-1
2823
4207
1314
-1
4239
3104
-1
521
596
1751
-1
-1
-1
4647
2691
1687
987
2293
-1
3416
2598
1190
142
3894
2432
-1
318
1878
-1
-1
-1
1101
-1
-1
15
-1
-1
726
806
-1
4268
4422
-1
2464
-1
4183
1363
-1
2686
3465
4322
2244
-1
2640
-1
2278
1104
-1
3990
3050
2188
0
-1
4302
71
4522
3450
1343
1658
1895
4554
-1
-1
2940
4407
-1
-1
977
1990
-1
4344
3643
364
2994
-1
4942
1468
-1
1551
-1
3680
2662
779
-1
-1
4371
-1
-1
-1
-1
-1
1778
1619
1539
965
-1
1766
-1
-1
2305
-1
1294
1829
4971
4192
-1
101
3614
-1
4126
-1
3448
-1
-1
394
4532
1248
3043
-1
3135
3895
3999
4314
-1
2210
-1
208
284
2063
-1
4021
-1
667
2622
-1
-1
3020
337
-1
-1
877
455
-1
-1
1024
4996
-1
3204
-1
1714
-1
538
-1
328
-1
879
1038
1119
1380
-1
892
-1
-1
-1
-1
1050
828
2627
1849
4009
-1
4043
2049
1783
-1
4209
2195
3677
2264
3125
0
3592
-1
-1
-1
3763
-1
1971
2207
135
-1
-1
2373
4720
-1
-1
-1
-1
279
4656
-1
-1
-1
1385
372
-1
-1
3138
-1
-1
2652
-1
-1
-1
943
-1
-1
-1
-1
4202
3536
1307
1226
-1
-1
-1
3316
506
2618
-1
-1
1517
284
-1
1353
213
-1
608
-1
4310
3135
462
3980
4920
782
4065
2271
-1
1553
-1
-1
4627
-1
2522
-1
4896
4971
2625
357
4334
-1
-1
-1
-1
1612
-1
4976
960
-1
-1
-1
-1
-1
4290
308
-1
2891
2108
1402
3275
225
-1
640
3455
1192
-1
-1
-1
-1
1204
-1
3162
274
4808
4263
-1
2940
-1
3697
2869
-1
-1
2095
3348
479
1883
3365
-1
3438
0
3279
74
-1
3897
926
-1
2283
2520
179
2242
-1
2315
-1
-1
3011
-1
1365
-1
-1
733
-1
2369
3304
684
2908
1578
-1
850
3055
2037
3597
235
550
3746
4383
-1
2098
-1
1111
3848
-1
-1
-1
-1
-1
3628
-1
-1
-1
3082
-1
-1
4817
3960
4476
-1
-1
-1
3997
2178
774
-1
-1
-1
4378
-1
1790
3760
-1
377
4939
-1
2166
415
418
4659
-1
-1
355
-1
-1
-1
-1
-1
1356
-1
648
-1
252
1080
-1
3506
4602
4380
-1
2422
1795
3912
-1
88
-1
-1
3768
1504
3338
1744
-1
1670
3484
-1
1526
586
-1
425
-1
1749
2527
3384
3182
-1
1424
2593
3660
167
1570
3052
-1
3750
0
2967
-1
-1
3585
-1
2281
2405
-1
4510
-1
3074
-1
4656
2613
-1
3087
3948
-1
-1
4581
-1
2945
2010
-1
-1
3736
-1
-1
2259
3277
-1
4922
862
1568
-1
-1
3216
1392
1424
4161
682
601
1902
674
-1
-1
-1
1758
2776
2232
4109
909
4871
4273
4163
-1
1233
-1
1316
2491
1087
-1
545
3594
311
-1
1478
928
-1
-1
4749
-1
1854
-1
-1
-1
-1
269
42
430
-1
-1
-1
2237
-1
601
335
3653
61
3609
-1
-1
86
4068
-1
-1
1483
-1
-1
-1
-1
1265
4080
1817
-1
-1
-1
-1
-1
-1
-1
-1
-1
4888
-1
-1
-1
1929
3494
-1
-1
2720
1028
4854
1258
2740
1800
-1
0
2347
4449
3821
3272
-1
2593
2908
3145
804
3384
-1
-1
4344
2076
-1
2774
4261
3785
594
108
3387
1744
2322
3692
-1
953
-1
1475
2430
3589
2029
4610
1175
3121
4993
1944
-1
1080
1736
4473
-1
-1
-1
362
-1
748
-1
3555
3089
-1
-1
-1
-1
416
1150
-1
-1
-1
3372
2803
3602
4917
-1
1719
4998
1793
1165
616
-1
-1
-1
801
3460
3961
3958
4034
3313
581
4730
118
-1
3872
3250
2549
731
914
23
1036
4627
3296
-1
-1
227
1246
-1
1954
3831
-1
-1
713
-1
-1
-1
-1
-1
2632
4871
-1
-1
-1
-1
-1
4256
-1
2078
3877
1902
-1
1194
-1
4202
3033
4285
-1
4056
2574
1487
-1
0
-1
865
3509
2041
4988
2095
-1
-1
3885
3697
-1
1378
-1
1763
2928
2462
428
1529
-1
-1
1927
-1
2635
-1
-1
4361
-1
3213
2884
-1
2342
704
1487
2808
320
-1
-1
767
2049
4786
4944
4976
2527
4952
-1
4566
-1
-1
1600
-1
267
3467
-1
103
3538
2051
3143
-1
1941
-1
3289
4771
3831
-1
-1
3521
-1
-1
-1
562
-1
1114
-1
3648
-1
1280
-1
4107
584
4805
2229
4185
3562
2862
418
1226
291
-1
686
-1
-1
-1
4461
1558
-1
3360
4143
-1
2976
-1
3504
1890
-1
-1
2400
-1
-1
2393
2454
-1
589
3477
1058
-1
-1
-1
-1
2447
-1
4395
4515
-1
-1
772
-1
-1
3826
-1
0
2972
-1
-1
2647
325
3218
-1
-1
-1
-1
-1
3936
1282
1451
-1
2852
115
1841
3782
-1
-1
-1
-1
-1
3343
-1
3426
-1
3196
-1
2347
-1
3201
-1
4368
-1
4153
4546
-1
-1
4744
-1
-1
264
-1
-1
-1
-1
-1
-1
47
-1
-1
-1
-1
3262
2171
1001
-1
-1
2977
542
-1
-1
-1
-1
-1
4991
2981
874
-1
-1
-1
1665
-1
3409
1063
3795
-1
4493
-1
504
3875
1827
4895
3462
-1
-1
4002
2330
1082
245
852
1871
-1
3672
-1
-1
-1
3663
1810
2203
-1
-1
2913
-1
496
2920
2767
2466
276
-1
-1
-1
2298
4502
-1
-1
4432
918
4827
-1
4910
1084
-1
-1
-1
1
0
-1
-1
-1
-1
4363
-1
3846
-1
-1
679
-1
4248
-1
3863
-1
1837
4803
2154
3470
4170
-1
4195
1741
-1
1346
15
3738
2413
1492
474
2967
1329
-1
2818
-1
-1
535
142
-1
-1
-1
-1
3152
4424
-1
4810
2381
4493
-1
-1
4642
-1
3621
-1
-1
1426
2483
1314
-1
3741
2664
4146
3206
-1
-1
855
4773
4678
3294
3814
1502
1739
-1
1978
-1
3096
750
1519
3792
821
2854
-1
4187
3487
4793
-1
-1
-1
1311
-1
1394
4932
-1
2183
-1
1016
-1
-1
1400
-1
2122
2515
-1
-1
3226
1695
-1
3233
-1
2154
37
-1
-1
1138
1985
-1
-1
-1
257
3770
140
-1
4778
-1
-1
1490
-1
-1
0
3597
-1
-1
2979
950
1158
-1
-1
-1
367
364
440
-1
4175
1136
-1
4490
2535
-1
3858
-1
-1
1429
-1
1033
-1
4051
2725
-1
4839
3279
1641
2576
-1
-1
4307
223
171
-1
4278
4119
962
3465
4112
735
-1
-1
-1
4339
-1
-1
2530
3309
835
-1
3887
2205
3375
-1
-1
2352
3834
-1
-1
-1
4458
-1
-1
3606
3502
1814
2051
4710
2711
2293
2784
438
-1
3480
-1
3167
-1
501
1202
4481
-1
-1
4786
1624
-1
1707
4620
-1
-1
-1
704
-1
4214
3914
3038
2435
2828
4358
1622
1463
-1
-1
-1
1609
-1
350
2461
-1
-1
3328
4874
-1
-1
-1
1543
452
-1
4466
3292
-1
1177
-1
625
0
-1
2115
-1
1710
-1
-1
-1
4707
2635
4947
-1
-1
2781
513
-1
-1
-1
2779
-1
3545
1824
4820
-1
2129
-1
-1
4363
3038
867
-1
3592
1954
-1
-1
1570
4620
-1
4517
1702
-1
3807
-1
3777
-1
-1
-1
1995
-1
-1
-1
984
2217
2005
1148
2288
-1
-1
-1
-1
4366
-1
3521
2581
-1
3436
230
-1
948
1082
-1
2127
2637
-1
-1
-1
-1
4876
-1
1834
1446
1522
435
189
4112
-1
2476
3460
-1
1936
1734
2019
694
3211
2808
3753
391
-1
3902
4226
2276
2254
-1
-1
-1
3851
-1
-1
3858
1297
1529
4339
-1
2308
3238
1360
440
-1
-1
4632
3145
4236
4595
-1
-1
618
4136
76
-1
0
-1
2574
1946
1397
-1
4468
-1
20
-1
259
262
186
2469
4800
511
4102
1136
-1
-1
3233
-1
132
-1
1817
-1
923
325
1651
-1
-1
3904
2266
-1
1246
3118
4932
-1
-1
3611
1348
1507
-1
911
1514
3641
3873
1683
-1
37
-1
-1
-1
2317
3541
-1
-1
3421
2750
3504
-1
1727
-1
2732
3594
3123
83
-1
3741
-1
2877
-1
2676
4666
-1
-1
2159
188
-1
2855
1758
1209
747
-1
4424
-1
2789
1853
-1
2249
1421
-1
1006
-1
-1
3441
-1
-1
1412
-1
2588
-1
-1
3733
4004
838
-1
-1
-1
4017
-1
975
3086
2381
-1
-1
752
-1
-1
-1
-1
1077
93
-1
2334
-1
-1
4612
-1
0
4534
2740
-1
-1
-1
4781
-1
4669
2010
572
-1
498
2845
113
198
587
1448
-1
2220
-1
3802
4556
-1
1504
-1
1236
4988
3663
242
-1
4217
2579
1639
-1
2806
4756
4285
1109
-1
1661
3182
-1
4402
1827
3328
3560
3631
4258
276
-1
1609
1592
-1
-1
1663
176
3733
2564
3816
4991
-1
2896
3045
-1
2190
-1
3978
3428
-1
2437
-1
2989
-1
-1
3230
-1
501
-1
2542
2071
897
-1
437
264
3543
3101
-1
-1
2440
1109
2357
-1
-1
-1
3128
-1
1018
-1
150
2901
1629
3765
-1
-1
-1
-1
2059
518
4329
4097
3714
3399
2933
-1
735
3936
-1
-1
-1
2520
3611
220
1473
-1
-1
240
4300
3438
0
-1
-1
3680
4229
2801
4908
-1
4356
-1
4117
4114
4190
3157
-1
115
-1
1761
-1
1907
2608
4114
757
179
3809
-1
-1
301
1026
-1
1089
472
-1
-1
-1
2493
557
-1
-1
765
3028
-1
-1
4715
2862
1985
1753
1058
3946
589
44
3079
3721
2942
-1
-1
4864
-1
2125
872
303
1102
-1
3357
-1
-1
-1
1336
1885
-1
2749
-1
-1
960
-1
3543
-1
4188
1920
-1
2383
584
1372
4251
-1
-1
3414
2523
-1
2874
-1
2957
3370
2274
-1
-1
-1
3670
2037
164
3213
-1
-1
3108
-1
-1
-1
2371
4795
-1
591
1600
1290
1756
2701
4578
3624
599
4742
3694
-1
3299
4468
3216
-1
1556
-1
-1
-1
0
-1
-1
1009
-1
2513
4595
-1
4044
-1
-1
3802
-1
-1
4263
428
4962
2928
-1
3406
2706
-1
3931
-1
4122
-1
-1
4388
-1
4617
3599
-1
-1
1014
-1
2181
4131
3660
-1
452
-1
-1
-1
27
2452
-1
2066
4256
3633
-1
4644
2767
-1
-1
-1
-1
-1
-1
-1
560
616
789
2730
3670
-1
2815
3980
3353
2198
4832
3062
1624
1387
1272
-1
1146
-1
3875
3394
-1
2696
-1
-1
3939
362
2918
3726
2210
1778
1815
-1
3269
-1
3040
-1
-1
860
-1
-1
476
-1
-1
-1
2205
4942
4900
-1
2317
4893
-1
4722
1912
977
-1
3013
110
3311
911
4947
3382
-1
2986
845
2903
-1
-1
-1
-1
2813
0
-1
3677
4305
147
2176
718
-1
-1
3929
-1
1512
3565
1219
-1
-1
352
-1
4341
3719
-1
262
-1
-1
567
4158
-1
926
-1
-1
-1
154
-1
701
-1
3133
3819
-1
-1
4861
2598
2244
2837
4661
2237
-1
2378
4568
3321
3787
669
-1
655
3567
-1
-1
-1
-1
1500
-1
4073
-1
1959
-1
-1
-1
1333
-1
2510
4520
3374
-1
3926
3416
4165
-1
909
3563
3706
3396
-1
-1
-1
3626
674
2606
4039
1898
2090
3499
-1
-1
-1
-1
-1
-1
-1
-1
2662
789
-1
691
-1
2518
-1
413
494
2996
4581
4734
-1
-1
-1
-1
3326
4798
2999
3777
367
1932
-1
-1
-1
-1
1417
2820
4302
-1
2500
0
-1
-1
-1
-1
3138
3970
1346
1582
760
-1
3177
-1
906
1363
1053
4337
2303
347
4031
3331
4949
-1
4241
4747
1155
-1
-1
-1
3992
-1
-1
-1
-1
318
-1
-1
-1
2642
-1
-1
1932
3150
652
1924
2923
2310
-1
-1
1526
982
-1
342
3880
3023
-1
-1
-1
-1
-1
1241
4837
3355
4295
4844
1561
1646
-1
-1
4207
3687
-1
762
3104
4478
521
596
-1
-1
-1
1680
-1
-1
-1
4014
2708
650
-1
2598
1190
-1
-1
-1
-1
318
3123
-1
2268
-1
3900
4151
-1
4986
-1
567
726
4195
-1
733
-1
-1
2464
352
4183
3638
4485
2686
1536
679
-1
-1
2640
-1
2723
3897
2508
3990
1951
2813
0
-1
-1
4930
-1
1551
3658
1658
-1
4554
-1
2864
-1
-1
-1
3636
-1
1990
4966
4344
-1
364
-1
-1
4942
1468
-1
3450
225
-1
2339
4222
4141
-1
630
-1
-1
2723
-1
4515
3223
1619
3462
-1
1612
-1
1998
193
2696
1839
1294
3172
4971
809
1666
-1
1387
-1
4126
4622
3448
-1
1334
4607
4532
-1
3043
-1
1866
1106
-1
4314
-1
2210
211
208
284
2063
-1
4021
1368
667
2379
3001
3702
1981
-1
3728
-1
4124
-1
4207
2881
1024
4996
1566
-1
-1
3287
-1
-1
-1
-1
-1
4122
1038
3882
-1
1045
4109
-1
2850
4961
-1
3951
-1
2627
-1
4009
-1
958
-1
3218
-1
4209
-1
1324
-1
1876
0
3592
4615
-1
791
-1
-1
-1
-1
-1
-1
2552
-1
-1
-1
1678
1289
-1
-1
-1
-1
677
-1
3616
-1
3221
-1
-1
-1
3367
2652
-1
4454
-1
4058
-1
-1
2410
2017
799
1465
-1
3775
1277
1299
1453
-1
-1
2383
2850
1607
3484
284
496
1353
4788
-1
4393
4439
-1
1866
462
-1
-1
782
-1
2730
2898
-1
-1
689
4627
-1
2522
103
105
4971
2376
357
4334
1055
4022
-1
2312
1612
-1
-1
4041
1973
-1
4234
-1
3194
4290
4693
1253
2110
2108
3599
1726
-1
-1
-1
3455
1192
1351
3570
3934
3643
-1
972
3162
-1
4808
738
3860
2061
-1
3697
2132
4356
3265
2906
1653
479
1883
1636
-1
3438
0
1722
74
-1
1104
-1
-1
2283
-1
-1
2242
2239
-1
32
-1
-1
-1
-1
-1
32
4268
989
-1
1697
4317
-1
3423
-1
4151
1946
2037
1404
-1
550
3746
-1
2432
-1
1705
1111
1153
4007
-1
-1
987
1141
-1
-1
-1
2537
1919
-1
596
-1
3960
525
2012
-1
-1
-1
2178
774
709
4769
1094
623
-1
-1
1241
-1
-1
4939
4825
2166
-1
418
342
-1
45
4646
-1
-1
-1
2625
1924
3645
4712
4353
3340
252
1080
-1
-1
399
-1
941
-1
3206
1089
-1
-1
-1
-1
3768
3497
-1
-1
755
3331
1517
-1
3475
586
-1
4576
3548
-1
-1
3384
1819
-1
-1
-1
3660
167
1570
-1
-1
1251
0
2967
-1
-1
1416
613
2281
2405
-1
-1
-1
1927
2003
-1
2388
2698
-1
3948
4097
-1
420
3699
2056
2991
-1
2405
3736
-1
-1
2742
3277
1717
-1
4139
3433
306
2745
-1
3609
1424
840
4319
4400
-1
-1
-1
1060
1131
-1
-1
-1
-1
4092
4871
728
838
2676
1233
-1
-1
2491
1087
396
-1
-1
4690
-1
3523
928
-1
64
4749
-1
1854
728
-1
-1
2000
4732
42
4571
1604
-1
2064
-1
-1
-1
4666
-1
-1
1392
-1
3819
4915
-1
628
2266
3518
-1
-1
401
4129
-1
4080
3184
1976
2945
442
1983
1829
3404
1214
4102
-1
-1
1766
-1
2786
3072
3494
4981
3890
2281
1028
-1
1258
2261
3201
-1
0
2347
-1
-1
3272
4700
2408
2908
3145
-1
1617
-1
-1
-1
2925
2615
2774
-1
-1
594
4893
-1
3257
2679
3692
-1
953
-1
3526
2571
1412
2029
-1
1175
-1
-1
1944
-1
3921
1736
528
-1
-1
-1
-1
-1
4253
-1
3555
-1
2457
4422
-1
-1
416
-1
-1
-1
4625
-1
-1
1399
-1
-1
1719
3
-1
1165
4385
-1
-1
4437
-1
-1
-1
1043
4034
-1
581
271
118
-1
1129
-1
-1
731
-1
-1
-1
4627
3296
457
870
4774
-1
4685
-1
1170
-1
2664
-1
3816
1578
608
-1
2713
-1
-1
2706
2142
3091
4100
3790
-1
-1
-1
-1
-1
-1
-1
4708
-1
1968
4285
4542
-1
2427
3514
-1
0
-1
865
-1
2960
-1
-1
3221
-1
1116
-1
1302
1378
4031
1763
-1
2539
-1
1529
-1
-1
-1
-1
-1
3379
1971
4361
1888
1788
2117
-1
2342
4297
-1
2193
-1
-1
-1
4234
2049
-1
-1
25
2474
-1
-1
4566
-1
-1
3401
2144
-1
-1
-1
4898
-1
2051
3143
689
-1
1885
1712
-1
-1
-1
-1
1480
-1
4698
-1
562
-1
1114
-1
1353
1355
3721
-1
4107
4417
196
2772
816
-1
-1
-1
-1
4710
-1
4315
2984
-1
557
-1
1558
-1
-1
858
-1
-1
-1
3504
3111
296
-1
-1
2320
-1
2608
-1
2222
-1
-1
1058
-1
-1
811
3411
2447
-1
4395
486
3345
-1
-1
633
2115
3826
4688
0
2972
1177
3196
-1
325
3218
-1
-1
-1
4009
-1
1065
3719
3550
-1
2852
-1
1841
-1
-1
2239
-1
2947
3067
1658
4673
-1
2100
3196
-1
2347
-1
-1
-1
-1
3682
4153
455
-1
4903
4744
-1
-1
-1
-1
-1
-1
4180
3714
1832
-1
-1
-1
-1
-1
1739
2830
4000
2254
-1
-1
4459
1482
2657
-1
3833
-1
10
2981
874
3812
1426
4085
3336
3333
1592
3938
-1
-1
4493
-1
4497
3875
1827
-1
-1
-1
-1
4002
-1
1082
-1
-1
-1
4691
-1
4456
-1
3289
1338
1810
2798
4983
-1
-1
-1
4505
2920
-1
-1
4725
-1
1370
-1
2703
4502
1277
2867
-1
918
174
3658
91
-1
320
3199
-1
1
0
3284
-1
2117
-1
4363
1470
-1
-1
-1
679
-1
4248
-1
-1
-1
-1
-1
2154
3470
4170
-1
4195
-1
-1
3655
-1
-1
-1
1492
474
-1
3672
2889
-1
-1
3995
535
142
-1
-1
-1
-1
1849
4424
-1
4810
2620
-1
-1
1519
-1
2842
3621
-1
2088
1426
2518
3687
-1
3741
2337
855
-1
2344
-1
-1
4773
-1
3294
1187
-1
3262
4397
3023
3021
-1
-1
-1
1209
4180
2147
191
814
3487
-1
-1
-1
-1
3690
2359
1394
4932
1165
-1
623
3985
-1
-1
-1
-1
2122
2486
4671
-1
1775
-1
809
3233
1922
-1
-1
-1
-1
1138
3016
-1
-1
1822
-1
3770
4861
1031
-1
1397
-1
3511
-1
4688
0
-1
-1
2571
2022
950
-1
-1
-1
-1
4634
4637
4561
-1
-1
3865
-1
-1
2535
-1
3858
-1
4507
1429
2442
3968
4703
4051
-1
-1
162
3279
1641
-1
1871
-1
-1
223
171
2986
-1
-1
-1
-1
4112
4266
-1
-1
4805
662
3794
-1
2471
3309
4166
-1
1114
2796
1626
-1
4053
-1
3834
2894
-1
-1
543
-1
4366
3606
3502
-1
-1
-1
2290
-1
-1
-1
-1
-1
-1
1834
122
4500
1202
-1
-1
-1
-1
3377
-1
1707
4620
3524
-1
-1
704
-1
-1
-1
-1
2566
2173
-1
1622
3538
-1
-1
3545
-1
1841
-1
2461
-1
-1
1673
-1
-1
3492
4944
-1
4549
4283
-1
-1
-1
1177
-1
4376
0
1092
2886
2259
1710
3738
4156
-1
294
2366
54
52
-1
2220
-1
-1
-1
4178
2222
2156
3545
1824
4820
1116
-1
721
611
4363
3038
867
152
1409
1954
2264
-1
1570
-1
-1
-1
-1
1036
-1
-1
-1
-1
3953
816
3006
118
-1
-1
4017
2784
-1
1148
2713
-1
3108
1939
-1
635
2962
3521
2581
3282
1565
230
-1
-1
-1
3189
-1
2364
4979
-1
2396
2530
-1
-1
3167
-1
3479
-1
-1
-1
833
2476
-1
-1
-1
3267
2982
4307
1790
2193
1248
391
-1
1099
-1
2725
-1
-1
-1
-1
1150
-1
-1
-1
3704
1529
662
-1
2693
3238
3641
-1
4661
3804
-1
1856
765
-1
4153
2979
4383
865
4925
4063
0
779
2427
-1
-1
-1
-1
-1
4981
-1
-1
4739
4815
2532
-1
511
-1
1136
-1
2532
1768
3489
132
4197
-1
408
-1
-1
1651
-1
-1
1097
2735
-1
1246
3118
69
403
4205
-1
1348
-1
3414
-1
1514
3641
-1
3318
4571
4964
582
1297
-1
-1
-1
-1
489
-1
2251
3504
-1
-1
-1
2732
-1
3123
4918
4290
-1
4231
2124
2562
2325
-1
-1
-1
-1
188
-1
2855
3243
3792
-1
125
4424
1145
2789
3148
-1
-1
3580
-1
1006
2899
-1
1560
4922
-1
-1
4539
2413
3060
-1
1268
-1
4163
-1
1746
-1
4017
1216
975
3086
2620
-1
3953
-1
-1
4117
682
2168
1077
93
3841
2667
-1
552
389
3751
0
467
2740
3367
1085
-1
-1
4905
332
-1
-1
-1
4503
2845
-1
4803
4414
3553
-1
2781
2920
3802
4556
-1
-1
4905
-1
13
3663
-1
4224
784
-1
-1
-1
2806
245
-1
1109
3924
1661
-1
1900
599
3174
1673
3560
3631
743
4725
4732
3392
1592
2371
-1
1663
-1
3733
2437
1185
10
3587
2896
1956
-1
2190
396
3978
-1
-1
-1
2752
2012
647
3228
3230
-1
4500
-1
2459
2071
897
1060
4564
4737
3543
1900
2166
-1
-1
3892
2644
-1
-1
1568
1873
-1
-1
3277
150
2100
3372
-1
1580
4317
-1
-1
2059
-1
4329
904
3714
3399
2068
2613
4266
-1
-1
-1
4007
2481
1390
220
1473
-1
-1
-1
701
-1
0
4847
3052
3680
4229
2200
93
-1
4356
1697
-1
887
811
3157
4576
4886
-1
3240
-1
3094
2393
887
4244
179
-1
218
-1
4700
-1
71
-1
4529
2891
-1
-1
2493
4444
-1
-1
-1
3028
2132
2789
286
2862
1985
3248
1058
3946
589
44
1922
1280
-1
2916
-1
137
955
2125
4129
-1
-1
2584
-1
-1
-1
-1
1336
-1
4856
2252
-1
-1
4041
3540
3543
3467
4188
3081
2230
-1
584
-1
750
-1
3231
1587
-1
-1
-1
796
2957
-1
2274
-1
-1
-1
-1
-1
164
1788
-1
-1
3108
372
-1
-1
2371
206
-1
4410
1600
1290
-1
2701
423
1377
599
259
3694
-1
1702
4468
1785
-1
3445
4927
1014
3126
0
159
-1
3992
460
-1
406
4280
957
-1
-1
3802
-1
-1
-1
428
4962
2928
4029
1595
-1
574
-1
-1
879
4471
-1
613
4288
4617
-1
159
1797
1014
-1
2181
4131
-1
1734
-1
-1
2444
2525
27
2549
2298
2066
-1
1368
-1
4644
2767
4034
1746
-1
-1
4551
643
3189
4441
-1
-1
-1
1331
-1
2186
3980
3353
-1
-1
1939
-1
-1
-1
-1
1146
-1
-1
1607
3084
-1
4729
1685
1062
4639
2083
1275
2791
1778
1815
484
1732
-1
3040
-1
-1
860
3358
2349
476
3526
-1
-1
2796
-1
101
-1
2317
108
-1
279
1912
4024
1443
3013
110
3311
4090
-1
-1
-1
-1
845
2098
-1
-1
-1
1326
2188
0
4529
-1
4305
-1
2825
4283
-1
-1
3929
-1
1512
3565
1219
3951
-1
4649
-1
-1
3719
1983
4739
1382
-1
567
-1
-1
4075
-1
696
1714
-1
1485
4300
-1
1868
1182
-1
2955
-1
2598
2244
2164
-1
2764
2610
2623
4568
1680
-1
669
2454
655
1434
2710
-1
762
-1
-1
4754
928
477
-1
-1
4844
-1
1333
3040
-1
-1
3374
-1
3926
3416
-1
-1
909
-1
-1
3396
3008
42
3004
1375
674
2395
4039
-1
2090
3499
4830
1419
2256
-1
-1
2191
-1
1956
-1
4212
1163
4310
-1
2483
254
413
4507
2996
420
4734
-1
-1
665
-1
1675
-1
2999
1224
4634
3069
-1
-1
-1
2410
1417
2181
4302
3362
-1
0
-1
3990
384
-1
1863
1031
-1
1582
760
-1
3177
3253
906
1363
1053
4337
2303
-1
-1
-1
52
3306
4241
4747
-1
-1
-1
-1
-1
2027
-1
1172
389
-1
3445
-1
3035
-1
174
-1
3069
1851
-1
3077
-1
-1
120
-1
1526
982
-1
342
1121
-1
413
1075
18
3814
-1
-1
-1
-1
706
157
-1
1646
2728
2178
-1
1314
-1
762
3104
-1
521
-1
-1
982
1292
-1
4647
-1
-1
4014
2293
4351
1585
2598
1190
4859
1107
-1
-1
4683
-1
-1
-1
2027
3900
-1
4622
4986
2171
-1
726
4195
3309
-1
-1
4654
2464
-1
4183
-1
-1
2686
3465
679
-1
-1
-1
1470
2278
3897
2493
1011
-1
2188
0
-1
4302
-1
-1
-1
3658
-1
3106
4554
-1
-1
-1
594
-1
3636
-1
1990
35
-1
1358
4637
-1
-1
59
-1
-1
3450
225
1321
2339
-1
-1
-1
4371
3758
-1
-1
2671
486
-1
1619
1539
-1
3389
-1
-1
-1
-1
1839
-1
3172
30
809
-1
-1
-1
-1
-1
-1
3448
-1
-1
394
469
1248
-1
2586
-1
-1
-1
4314
-1
2210
-1
208
284
2063
670
4021
-1
-1
2379
2000
1299
1981
337
-1
2715
-1
4546
-1
2881
1024
4996
-1
-1
2420
1714
-1
538
-1
-1
3143
-1
1038
1119
-1
1045
4109
-1
2850
40
506
-1
828
2627
-1
4009
-1
958
2049
3218
-1
792
2806
3677
2737
1876
0
3592
-1
-1
4210
1238
-1
3030
2207
4866
-1
-1
2628
281
3013
-1
1289
-1
4722
-1
1045
-1
-1
1385
-1
3221
1890
-1
-1
-1
2349
-1
-1
-1
943
931
-1
-1
2017
799
3536
-1
1226
3724
3702
1453
1685
4495
2618
2850
3394
3484
4717
496
1353
213
1700
4393
4439
691
1866
-1
3980
-1
4219
936
-1
-1
-1
-1
-1
4627
-1
2522
-1
105
-1
2376
-1
-1
1055
-1
-1
-1
3389
-1
4976
960
-1
565
-1
4519
-1
711
4693
-1
2110
2108
3599
3275
-1
4754
-1
3455
3809
-1
-1
1067
1358
-1
4029
3162
274
4808
-1
-1
-1
2161
3697
2869
4356
-1
-1
-1
479
3118
3365
2425
1563
0
1722
-1
4446
-1
4075
-1
2283
2520
179
2242
-1
2315
-1
-1
1990
3399
-1
591
32
-1
-1
-1
3304
4317
-1
3423
2176
4151
1946
2037
1404
-1
4451
1255
4383
2432
2903
3296
1111
3848
4007
-1
-1
987
1141
-1
4183
-1
2464
-1
1204
-1
-1
3960
4476
2012
-1
250
1004
2178
4227
4292
232
-1
623
2418
-1
3760
-1
4624
4939
4825
2835
4586
4583
342
-1
-1
355
4258
3709
-1
-1
3077
-1
-1
648
-1
-1
1080
169
3506
4602
-1
-1
-1
3206
1089
-1
88
560
953
3768
1504
1663
3257
-1
-1
-1
3716
3475
-1
-1
-1
3548
-1
2527
3384
3182
4668
3577
-1
1341
167
3431
-1
2889
1251
0
2034
4761
867
3585
-1
2720
2405
2169
491
-1
-1
-1
345
2388
-1
3087
-1
-1
-1
420
-1
2945
2010
-1
2405
3736
2488
-1
2742
3277
1717
-1
4139
3433
4695
2256
-1
-1
1424
4161
4319
4400
-1
-1
828
3941
-1
-1
2225
2232
-1
-1
-1
728
4163
2676
1233
-1
3685
-1
3914
4605
-1
3594
4690
2105
1478
4073
-1
-1
4749
4512
-1
-1
-1
-1
3001
4732
4959
4571
1604
-1
-1
-1
-1
4400
335
-1
4940
1392
4857
-1
86
4068
-1
2735
3518
-1
-1
-1
872
1265
4080
1817
-1
-1
-1
3018
-1
3404
3787
-1
-1
-1
1766
-1
2786
3072
1507
4981
-1
-1
3973
-1
3743
2740
-1
-1
0
2654
-1
1180
1729
-1
2408
2093
-1
-1
-1
1614
1690
-1
2925
-1
2774
740
1216
4407
-1
3387
1744
2322
1309
-1
953
2801
1475
2571
1412
-1
-1
3826
1880
-1
-1
1473
1080
3265
528
-1
-1
-1
4639
-1
4253
1443
-1
1912
-1
4422
1221
-1
416
3851
2364
-1
376
1629
-1
3602
-1
4144
-1
4998
-1
3836
4385
2356
4752
564
-1
-1
-1
-1
967
-1
4420
4730
118
-1
1129
1751
2452
-1
4087
-1
1036
-1
3296
457
-1
227
1246
-1
1954
1170
464
2337
-1
3816
-1
608
-1
-1
2369
4871
2706
-1
-1
901
-1
-1
-1
-1
-1
1902
2242
-1
-1
799
-1
4285
-1
4056
-1
-1
-1
0
2659
4136
1492
2960
4988
-1
3221
3457
-1
1304
1302
3623
-1
3238
2928
2539
4573
3472
-1
-1
-1
-1
2635
1622
3030
4361
1888
3213
-1
-1
2342
704
3514
-1
320
1631
-1
767
2952
215
-1
25
2474
4952
203
435
1756
3868
-1
-1
4734
3467
-1
-1
-1
2051
-1
4312
-1
1885
3289
-1
-1
2032
315
-1
-1
4698
-1
-1
877
-1
1229
1353
3646
3721
-1
894
4417
196
2772
816
3562
2862
418
3775
4710
4278
686
2984
-1
-1
-1
-1
4998
3360
858
152
-1
-1
3504
1890
4705
-1
-1
-1
184
2608
2454
-1
589
-1
3943
-1
2391
4190
-1
-1
882
4395
4515
-1
4598
-1
-1
2886
3826
313
0
-1
3824
-1
-1
325
-1
1468
1231
3572
4009
4012
3936
-1
1451
3240
2149
115
1841
-1
-1
2239
-1
-1
1934
3343
328
3426
2901
1805
787
-1
-1
-1
2496
-1
-1
4153
4546
-1
98
257
-1
-1
4737
-1
-1
-1
-1
-1
-1
4954
1846
-1
-1
3226
1739
2830
1001
2254
-1
-1
542
-1
2657
628
-1
-1
-1
2981
-1
-1
-1
-1
1665
1668
3409
-1
-1
-1
508
-1
4497
-1
1827
4895
-1
-1
4590
999
-1
1082
-1
-1
1871
4691
3672
4456
4839
-1
1338
1810
2203
-1
-1
2913
2994
-1
2920
2767
2535
-1
-1
3631
-1
-1
-1
1277
-1
-1
918
4827
-1
-1
3917
-1
-1
-1
-1
0
1717
-1
-1
2335
4363
1470
-1
919
-1
4322
4324
753
1595
-1
3553
3164
198
2847
-1
4170
2449
4195
3260
2247
1346
-1
3738
-1
3509
-1
2034
1329
-1
-1
-1
-1
4466
4859
-1
4590
-1
4351
3152
-1
-1
4810
-1
4493
4026
-1
359
2159
-1
-1
2913
1426
2483
3687
2435
1260
2664
4146
3206
2657
-1
855
228
-1
3294
1187
3499
-1
-1
1978
1980
3096
750
-1
-1
-1
2854
-1
-1
3487
208
1851
-1
98
1311
2359
1394
-1
-1
-1
623
3985
233
474
-1
-1
2879
2486
4671
3067
-1
-1
4192
3233
3079
2154
-1
-1
1683
3863
1985
186
4036
-1
-1
3770
140
-1
-1
-1
8
3511
-1
313
0
3597
-1
2571
-1
950
3843
-1
-1
-1
367
4637
440
-1
-1
-1
1524
4490
2466
1844
3858
-1
4507
-1
-1
1033
4703
-1
-1
-1
162
-1
3360
2576
1871
3743
694
223
4830
2015
-1
-1
-1
-1
-1
735
-1
-1
-1
-1
1207
672
2530
-1
835
2601
1114
2205
1626
-1
4053
-1
1167
-1
2032
-1
4458
-1
-1
3606
3502
-1
2950
4710
2711
2293
2784
-1
1831
-1
1133
3167
-1
-1
1202
4481
-1
1228
-1
1624
-1
1707
381
-1
2496
-1
4297
81
-1
3914
-1
2566
-1
-1
-1
-1
3619
1121
3545
3392
-1
4651
2461
3006
1451
-1
-1
652
-1
57
3458
452
-1
-1
1709
-1
1177
237
-1
0
-1
2115
-1
-1
1263
4156
-1
4707
2635
4947
4949
-1
2220
513
-1
1212
-1
2779
2845
1456
3177
-1
1116
2872
4280
-1
-1
3038
-1
4849
1409
3047
-1
-1
1570
-1
4910
-1
-1
1036
-1
3726
-1
1202
1048
816
3006
-1
350
894
-1
2217
2996
3853
-1
801
3108
3062
-1
4366
-1
3521
2581
1719
3436
4771
4603
948
-1
3189
2127
2637
-1
-1
-1
-1
125
2144
3167
-1
1522
435
-1
889
-1
2476
-1
-1
-1
-1
2982
4307
-1
-1
1248
4610
393
-1
4226
2276
-1
1861
4046
3692
3851
-1
1434
-1
3704
-1
4339
-1
2308
-1
-1
4561
4661
-1
4632
-1
4236
-1
-1
-1
4383
865
4925
-1
0
-1
2574
-1
-1
-1
533
-1
20
-1
259
-1
186
2532
201
4490
-1
3865
-1
-1
-1
3489
132
-1
3184
4593
4078
-1
1651
555
464
1097
2735
-1
3755
-1
4932
403
-1
-1
-1
1507
3414
-1
-1
1360
-1
3318
-1
4964
582
3704
-1
2684
-1
-1
489
1580
2251
1497
-1
3274
-1
2269
-1
-1
83
4290
1260
-1
2124
-1
2676
4666
2086
2918
2842
4813
-1
2855
-1
1209
747
4876
-1
1145
2789
-1
-1
-1
3580
2669
1006
-1
1880
1560
79
4295
3589
4539
2588
3060
3453
-1
997
4163
-1
1746
831
4017
1216
4026
3086
2620
2925
1048
4249
-1
884
-1
2833
3924
4908
-1
-1
4070
552
389
-1
0
-1
2261
3367
3916
-1
220
96
4669
-1
4429
-1
-1
2845
4888
4803
587
1448
-1
2220
2920
-1
4556
491
3497
96
1236
4988
3663
-1
4224
784
-1
-1
-1
2806
4756
-1
-1
-1
1661
1819
-1
599
-1
1673
1441
3631
743
4725
4732
1609
3409
-1
1773
1663
4825
-1
2437
1185
-1
-1
2896
3045
-1
2811
396
3978
3428
4544
-1
2249
2989
647
3228
3230
1846
4500
-1
2459
-1
4104
-1
437
-1
-1
1900
2166
-1
-1
-1
2357
-1
2415
3433
1873
235
3983
-1
150
2901
-1
-1
3421
-1
4476
-1
2059
4483
4329
904
3714
3399
2068
-1
4266
1065
-1
572
-1
-1
1390
220
3528
2647
-1
240
4300
3438
0
4847
3052
3680
4229
2801
-1
408
645
1697
884
887
811
1844
-1
4886
-1
3240
3716
3094
-1
-1
4244
-1
1192
-1
1548
301
1026
4930
1089
472
-1
-1
-1
2493
4444
1028
1421
4236
3028
-1
-1
286
2139
1985
3248
-1
3946
4412
44
1922
1280
-1
2085
-1
-1
-1
2125
872
303
3899
2584
-1
-1
-1
-1
1336
3116
-1
2749
3064
1700
-1
3540
3543
3467
4188
3081
2230
2383
4417
-1
750
-1
1770
1587
-1
-1
-1
4205
2044
-1
-1
-1
2816
-1
1331
2037
4837
1788
-1
-1
1893
-1
-1
-1
2371
206
-1
591
1600
3711
-1
2701
423
-1
4402
-1
-1
-1
-1
4468
3216
-1
3445
4927
-1
-1
0
4842
1636
3992
460
-1
-1
721
-1
1385
-1
3802
3878
1531
738
428
39
2928
972
3406
-1
4427
1070
-1
-1
-1
1861
4388
-1
-1
3599
-1
1797
1014
-1
2820
870
3660
1734
452
-1
-1
-1
27
2549
-1
2935
745
1368
-1
4644
2234
4034
-1
2603
-1
-1
-1
-1
560
4385
4212
-1
3670
-1
-1
-1
1648
-1
4832
3062
-1
-1
-1
3853
1146
1221
3875
-1
-1
2305
-1
3316
3939
362
2918
-1
-1
1778
1815
4517
3269
1944
-1
-1
2498
860
-1
2652
4525
1475
-1
-1
2205
4942
101
-1
2317
4893
-1
4722
1912
4024
-1
1988
4891
-1
911
-1
-1
-1
-1
845
2903
-1
1868
386
-1
-1
0
472
1324
696
-1
2176
718
3968
3731
1072
-1
1512
-1
-1
3951
-1
4649
-1
-1
1282
-1
262
-1
-1
567
4158
2173
926
4600
-1
-1
-1
-1
4300
-1
1868
1182
3348
-1
140
2403
2757
2164
4661
2237
-1
2378
-1
3321
-1
4332
2454
655
3567
2291
-1
-1
330
3501
247
-1
477
-1
-1
157
1873
1333
-1
-1
4520
1627
-1
1075
3416
4165
-1
909
-1
-1
-1
-1
-1
1997
-1
4327
2606
962
3103
2090
1502
171
-1
2256
-1
630
2810
-1
1956
-1
4212
-1
691
-1
-1
-1
413
494
2996
420
-1
4966
2225
4336
1131
1675
203
2999
1224
4634
-1
-1
2674
-1
2591
3584
-1
4302
-1
-1
0
784
-1
4617
166
-1
3970
1346
-1
760
3179
-1
-1
-1
1363
-1
664
2303
-1
-1
3331
4949
-1
760
4747
1155
2486
-1
4913
-1
-1
-1
-1
389
-1
1556
-1
-1
2642
-1
-1
3069
1851
652
1924
2923
2310
-1
-1
-1
4019
-1
342
3880
1978
4588
-1
18
-1
66
3760
164
1646
4295
157
-1
1646
-1
2823
-1
1314
-1
-1
3104
4478
521
-1
-1
-1
1292
-1
-1
-1
3314
987
2293
-1
-1
2598
1190
142
-1
2432
-1
318
3123
-1
-1
2027
1101
850
379
4986
2830
-1
726
806
3309
733
-1
347
2464
352
-1
1363
4485
2315
3465
679
2757
-1
2640
1470
-1
1104
-1
1011
1951
2188
0
-1
-1
-1
479
1551
1343
1658
-1
4554
-1
2864
2940
594
3326
-1
-1
1990
-1
-1
3643
364
2007
-1
59
1468
2203
1551
4776
-1
2662
-1
860
76
4371
-1
-1
2278
-1
-1
-1
1619
3462
965
1612
3235
1998
4808
-1
-1
-1
3172
30
4192
1666
4900
3614
-1
875
-1
1553
4852
3667
-1
4532
-1
-1
-1
-1
-1
3999
4314
-1
2210
211
4793
284
2938
-1
-1
-1
4334
2379
-1
3702
3020
337
1273
-1
-1
4546
4207
-1
-1
5
1566
-1
2420
3287
-1
-1
-1
4673
1858
-1
1038
3882
3621
-1
-1
660
2850
-1
4495
-1
-1
2374
1849
4009
2444
-1
-1
-1
3035
792
2806
3677
2264
3125
0
-1
386
4759
-1
-1
-1
-1
-1
-1
-1
2552
-1
-1
3013
-1
-1
-1
-1
-1
-1
4324
2320
3616
-1
-1
3111
-1
4463
3367
2349
3909
547
4764
943
-1
-1
-1
-1
799
3536
-1
3775
-1
-1
-1
3316
-1
2383
-1
1607
3484
4717
4505
1353
4788
-1
4393
-1
4310
1866
-1
-1
-1
4219
-1
-1
-1
-1
-1
4312
4627
4864
2479
4898
105
-1
2625
4644
-1
-1
-1
-1
2312
-1
-1
4976
4041
-1
565
767
-1
3194
711
4693
3748
2891
2108
1402
1726
4776
4754
4361
3455
1192
-1
-1
-1
-1
-1
-1
1839
-1
-1
-1
3860
-1
-1
3697
2132
645
1736
-1
-1
479
3118
1636
2576
1563
0
1722
4927
555
1104
-1
-1
2283
-1
-1
2242
2762
-1
4969
-1
-1
3399
-1
-1
32
-1
-1
-1
1697
684
2093
1578
2176
850
3055
2964
3597
4766
4451
1255
-1
2432
2098
3296
1111
1153
994
-1
1590
-1
3860
3628
-1
-1
-1
1919
1204
4405
-1
3960
525
-1
-1
250
-1
2178
4227
-1
-1
3907
623
2583
3211
1241
-1
-1
4939
4825
-1
-1
418
342
-1
4956
355
4258
-1
-1
2376
-1
-1
4712
4353
1661
-1
3921
169
-1
4602
621
4060
-1
3206
3912
-1
88
4441
-1
3768
3497
-1
-1
4246
-1
-1
1285
-1
586
-1
-1
-1
-1
2474
3384
1819
4668
-1
2593
1341
167
1570
-1
2112
1251
0
2034
-1
-1
1416
613
2720
2405
-1
491
3072
3074
2998
-1
2388
-1
1914
-1
4097
-1
-1
-1
-1
2991
-1
-1
3736
-1
-1
2259
3277
3284
4922
862
1568
-1
-1
1785
-1
3577
840
-1
601
-1
674
4173
-1
-1
-1
-1
-1
4109
909
-1
728
838
2325
3768
4937
-1
-1
1087
-1
4456
-1
311
2105
-1
928
-1
-1
4749
4512
-1
-1
4271
-1
2000
269
42
4571
-1
1441
2064
2764
1043
-1
4666
3653
61
1392
4857
3819
86
-1
4373
-1
1483
-1
-1
-1
-1
-1
4080
1817
3025
2945
4559
3018
-1
-1
-1
-1
-1
-1
-1
-1
-1
3072
3494
-1
1111
2281
3973
4854
1258
-1
-1
-1
0
2654
552
3821
3272
4700
2408
2093
3145
4197
-1
-1
-1
4344
2076
2615
2227
4261
1216
4407
-1
3387
1744
2322
1309
-1
953
-1
3526
2430
1412
-1
-1
3826
-1
4993
-1
1473
-1
3265
4473
-1
-1
-1
-1
-1
-1
1443
-1
-1
2457
-1
-1
-1
4585
-1
2364
-1
4625
-1
-1
1399
84
-1
1719
4998
1793
1165
616
2356
-1
564
801
3460
1040
-1
967
-1
4420
271
4883
3084
1129
-1
-1
-1
914
-1
-1
4627
3296
4544
-1
4774
-1
-1
3047
3831
464
2337
4288
-1
-1
-1
-1
2288
-1
-1
2295
2859
1910
-1
-1
-1
-1
2923
-1
-1
-1
-1
293
799
1968
-1
-1
945
-1
-1
626
0
2342
-1
-1
2041
4988
-1
-1
3457
-1
3697
-1
1378
-1
3238
-1
2462
428
3472
-1
-1
3074
-1
2635
3379
3030
4361
-1
-1
-1
-1
-1
-1
-1
2193
320
-1
-1
767
2952
-1
-1
4976
2527
-1
4798
-1
3245
1133
1600
2857
-1
1534
-1
-1
1463
2950
-1
689
1941
1885
-1
230
3831
-1
4686
3521
-1
303
2669
-1
-1
-1
3772
-1
-1
1280
1375
4107
584
4805
2229
816
1439
-1
4583
-1
-1
-1
686
-1
769
-1
540
1558
4998
1641
4143
4849
2025
1026
3504
3111
-1
-1
2400
2681
-1
2608
-1
2779
4412
1524
-1
513
2610
-1
-1
2554
882
4395
4515
1656
4598
772
-1
-1
3826
313
0
2972
1177
1805
2647
325
-1
1468
1231
1429
-1
989
3936
-1
3550
-1
2149
-1
3160
-1
-1
2239
1119
2054
-1
1658
-1
-1
2100
3196
4214
-1
-1
1800
-1
4368
-1
4153
455
-1
-1
-1
-1
2161
-1
-1
-1
2933
-1
-1
3169
-1
3155
-1
-1
-1
1739
2171
4000
-1
-1
-1
-1
1482
-1
4373
3833
-1
-1
2981
-1
-1
3575
-1
1665
-1
1592
1063
1206
-1
4493
-1
504
1126
1827
4895
1539
-1
411
4002
2330
1082
245
4149
-1
-1
-1
545
4839
-1
3663
1810
2798
18
2754
2913
-1
4505
2920
-1
-1
4725
1836
-1
-1
-1
4502
-1
2867
4432
918
4827
1343
-1
-1
-1
-1
-1
-1
0
-1
-1
-1
-1
4363
-1
-1
4082
-1
679
677
4248
3406
1138
-1
-1
-1
2847
-1
4170
2449
-1
-1
2754
3655
4986
-1
2413
1492
-1
2034
3672
-1
2818
4056
-1
4466
142
2327
-1
4432
4351
-1
4424
-1
4810
-1
508
975
-1
-1
-1
-1
-1
-1
1426
2518
-1
2435
-1
-1
4146
-1
-1
4061
-1
-1
-1
3294
-1
3499
1739
-1
3023
-1
-1
750
-1
-1
-1
-1
191
-1
3487
208
3150
-1
4903
3690
2642
1394
-1
1165
2818
623
1016
4768
474
3601
-1
2879
2515
-1
3067
-1
3306
-1
-1
-1
-1
4964
-1
-1
-1
1985
-1
-1
1822
4744
3770
4861
-1
223
3604
4993
1490
-1
-1
0
1404
-1
-1
-1
4051
-1
4158
-1
-1
367
364
-1
3094
826
-1
-1
511
-1
3157
1143
-1
-1
1429
-1
3968
-1
4051
2276
-1
-1
3279
1641
2425
-1
3743
-1
223
171
2986
723
882
4039
1536
4112
735
503
-1
4805
-1
-1
-1
-1
-1
4166
2601
1114
2796
-1
-1
948
2352
1167
2107
2969
-1
543
86
-1
1395
-1
1814
-1
-1
2290
-1
-1
438
3170
3480
3868
1834
4879
-1
3799
-1
2837
3773
-1
1624
-1
-1
381
1477
-1
-1
4297
4920
787
-1
-1
2435
2828
4358
-1
-1
3619
3880
-1
1609
1841
-1
2461
-1
3550
-1
127
652
1509
-1
3458
4549
718
535
-1
306
3824
4764
-1
0
1092
2886
-1
-1
1263
-1
-1
4707
2635
54
52
-1
2781
-1
823
3789
823
2222
-1
1456
3177
4820
-1
-1
721
4390
638
1963
-1
-1
1409
3047
-1
3443
1570
381
4910
-1
3299
-1
1194
-1
3777
1202
-1
816
1995
118
4651
-1
4017
2217
2005
1148
-1
4200
-1
3062
-1
-1
2039
1480
2420
1719
3436
230
4603
948
1082
3189
-1
2364
4979
-1
2605
2530
-1
2144
1834
3555
1522
-1
-1
889
4168
2476
-1
-1
3065
-1
-1
4307
3211
-1
3753
4610
4608
1099
-1
2725
2747
3140
955
-1
-1
3931
1434
3858
1297
3472
4339
-1
2693
-1
-1
-1
340
-1
369
1856
765
406
848
-1
618
865
76
938
0
4222
2574
1946
-1
-1
-1
-1
4981
2322
-1
-1
4815
2469
4800
4490
4102
1136
-1
2532
-1
1512
132
-1
-1
-1
-1
4676
3350
555
-1
3904
2735
1951
3755
-1
69
4598
-1
1390
-1
-1
-1
911
-1
1360
1128
1683
4571
37
582
-1
-1
2317
-1
-1
-1
-1
2251
1497
4678
-1
-1
2269
-1
-1
83
-1
-1
770
2877
2562
2325
-1
2915
-1
-1
4813
-1
2146
1758
1209
-1
125
-1
-1
2212
-1
-1
2249
1421
2669
1006
-1
3121
3441
-1
-1
-1
-1
2413
-1
3453
-1
997
838
-1
3255
-1
984
-1
4026
3086
2381
-1
-1
-1
4974
-1
682
-1
1077
4908
3841
-1
4070
-1
4612
3751
0
4534
2261
3367
3916
-1
-1
96
332
-1
572
574
-1
2156
-1
198
-1
1448
1597
2781
-1
-1
445
491
-1
-1
-1
4988
3663
-1
-1
4217
2422
-1
-1
2806
4756
4285
3892
-1
1661
-1
1900
599
-1
1673
1441
1370
743
276
269
3392
3409
2630
3228
-1
176
1268
2437
3816
-1
3587
2896
3045
-1
-1
-1
1023
-1
-1
-1
-1
2012
-1
1773
1771
-1
4500
-1
2459
2071
4104
-1
4564
-1
3543
1900
-1
-1
-1
-1
2357
-1
2415
1568
3128
235
3983
1724
150
2100
-1
-1
1580
4317
4476
-1
2942
-1
672
4097
1287
1602
2933
2613
735
-1
4715
4429
4007
-1
-1
220
1473
2354
-1
240
4300
-1
0
-1
-1
3680
4229
-1
93
408
4356
-1
884
887
-1
1844
425
4886
-1
3240
3716
1907
2608
-1
4244
-1
-1
-1
-1
4700
-1
-1
-1
4529
-1
1326
-1
2493
557
-1
-1
-1
3028
2869
2212
286
2862
1985
1753
-1
1055
4412
4957
3079
-1
2942
-1
1351
4864
4046
2125
4129
4698
-1
-1
-1
-1
2498
4293
1336
-1
-1
-1
-1
3301
-1
-1
3543
-1
4188
1920
-1
2383
4417
1372
4251
-1
-1
1587
2478
3536
-1
796
2957
-1
-1
-1
2185
4454
-1
2964
4837
3213
3685
-1
3108
4629
-1
-1
2371
4795
-1
591
-1
3711
3245
2300
4578
1377
599
-1
1307
-1
-1
4468
3216
2042
3445
-1
1014
3126
0
-1
-1
3992
4541
-1
4595
-1
-1
-1
1197
1199
3878
1531
738
-1
39
-1
-1
3406
2295
-1
-1
-1
879
530
-1
4388
-1
4617
-1
-1
-1
3987
-1
2820
870
1341
-1
-1
-1
-1
2476
27
2452
2298
2935
745
3633
-1
4644
2767
4034
1746
-1
-1
4551
-1
3189
4441
-1
4212
2271
1331
469
-1
-1
1648
2803
169
1939
-1
1387
-1
-1
3855
1221
3875
-1
3084
-1
-1
-1
3939
4639
2083
-1
2210
1778
3186
-1
1732
3057
-1
-1
2503
-1
1643
-1
4525
-1
-1
-1
2205
-1
101
4820
2317
4893
-1
279
-1
977
-1
1988
110
-1
4090
-1
1619
-1
2986
-1
2098
3272
1868
386
3675
2188
0
472
-1
696
-1
-1
4283
1033
1270
1072
3492
3489
1436
-1
-1
-1
352
-1
660
1282
1983
4739
-1
-1
567
4158
2173
4075
-1
-1
-1
4847
-1
4300
4996
3133
3819
-1
-1
-1
2403
2757
2837
-1
2764
2610
2623
4568
3321
-1
4332
2547
655
1434
-1
4275
762
4671
-1
-1
4073
-1
3042
-1
4844
-1
1333
1961
2510
481
3374
1312
1075
1585
-1
4168
-1
-1
3706
3396
1993
4959
1997
-1
674
2395
-1
-1
2090
1502
-1
1419
-1
3352
630
-1
-1
-1
2339
-1
-1
4310
-1
-1
4747
413
4507
-1
4581
-1
35
2225
-1
1131
3326
-1
2999
3777
4634
-1
-1
2674
-1
-1
1417
-1
699
3362
2500
0
784
3990
4617
4835
-1
1031
3655
3419
760
3179
3177
1748
906
-1
-1
-1
2303
347
970
-1
4949
-1
4241
4747
-1
2515
-1
88
3992
-1
4534
3829
389
4683
-1
-1
1966
2642
4827
2911
3069
3150
652
3077
-1
-1
120
3008
-1
4019
-1
342
1121
-1
-1
1075
-1
3814
-1
-1
164
-1
706
4844
1561
1646
2273
-1
794
3687
-1
-1
3104
-1
-1
-1
3250
-1
-1
3321
354
-1
1687
4014
2708
-1
1585
2403
1190
-1
1107
2432
-1
318
1878
-1
2268
-1
-1
-1
379
4986
2830
567
726
4195
-1
4268
-1
4654
2537
4649
-1
3638
-1
2315
1536
679
2757
1270
2640
3531
-1
-1
-1
3990
-1
2813
0
-1
4302
-1
479
1551
3658
-1
1895
4554
-1
-1
-1
-1
3326
-1
4024
1990
35
657
-1
4637
2007
-1
59
-1
2203
3450
-1
3680
2662
-1
-1
76
630
3758
-1
2723
-1
486
3223
1619
1539
4036
-1
-1
-1
-1
-1
-1
1294
3172
30
809
-1
4900
-1
4705
-1
4622
1553
4852
-1
-1
4532
1248
-1
-1
3135
-1
-1
687
-1
2210
-1
4793
284
-1
670
-1
1368
-1
2622
2000
-1
1981
-1
3728
2715
-1
-1
794
2881
-1
5
1566
-1
-1
3287
-1
538
66
328
1858
4122
1038
1119
3621
-1
-1
4341
2151
4961
4495
3951
4173
2374
3152
992
2557
-1
-1
-1
1966
792
-1
1324
-1
3125
0
-1
-1
242
791
-1
1656
3030
2794
4866
-1
-1
2628
4720
3013
3323
-1
1678
4722
4656
-1
-1
2681
3616
-1
1780
3111
1863
538
1634
2349
1092
547
4764
4058
931
-1
2410
2984
799
1465
3694
1226
-1
-1
-1
-1
506
2618
2151
-1
3484
4717
-1
3648
213
-1
-1
562
-1
3135
-1
1021
4920
782
936
-1
2103
1553
3582
-1
4627
4864
2479
-1
-1
-1
2625
-1
-1
-1
979
-1
2312
-1
-1
-1
960
3028
4436
-1
-1
3194
4290
308
-1
-1
2108
3599
1726
-1
247
640
3455
3809
3650
1431
1067
-1
1204
-1
-1
274
-1
738
3860
-1
-1
3697
2869
-1
-1
2906
-1
4522
1883
1636
-1
1563
0
1722
4927
-1
3897
926
-1
2283
2520
4822
2242
2239
2686
-1
-1
-1
-1
-1
591
32
733
4012
-1
3304
684
2093
1578
-1
4151
3055
2964
3597
-1
4451
3746
4383
2432
-1
-1
1111
3848
994
914
3411
-1
-1
-1
818
-1
2464
3082
1204
-1
4817
3960
4476
-1
-1
-1
3997
2823
774
4292
-1
-1
4378
-1
1790
3760
-1
377
4939
4825
-1
-1
-1
4659
-1
-1
-1
4258
-1
-1
-1
-1
-1
289
648
-1
4749
3921
-1
-1
399
-1
-1
2579
1795
3912
-1
-1
4441
-1
3768
1504
-1
3257
755
-1
1517
-1
-1
-1
-1
-1
-1
-1
-1
3384
3182
-1
1424
-1
1341
167
1570
-1
-1
-1
0
2034
-1
-1
3585
-1
2720
2405
2169
-1
3072
-1
2003
345
2613
2698
-1
1053
-1
-1
-1
1302
-1
2010
-1
-1
1265
-1
-1
2742
-1
3284
79
862
1568
4695
-1
1785
-1
3577
4161
-1
4400
-1
-1
4173
-1
1131
-1
2776
-1
4109
-1
-1
728
4163
-1
3768
64
-1
2491
1087
4605
-1
1407
311
-1
-1
4073
-1
4937
4749
-1
-1
4273
730
655
2000
269
42
430
-1
1441
-1
-1
1043
4400
335
-1
-1
1392
144
-1
4915
4068
-1
-1
1483
-1
2351
4600
872
-1
4080
3184
-1
-1
-1
1983
1829
1597
-1
899
-1
-1
-1
3565
2215
3072
1507
-1
-1
2720
3973
4854
3743
-1
-1
-1
0
2347
4449
-1
1729
-1
-1
2093
3145
804
-1
-1
-1
-1
2076
-1
2227
-1
-1
4407
-1
-1
3257
2679
-1
2718
4048
-1
1475
2571
1412
-1
391
1175
3121
-1
3057
3528
-1
3265
528
-1
-1
-1
4639
516
-1
-1
-1
3089
2544
-1
1221
-1
4585
3851
2637
3455
376
-1
2803
3602
4917
4144
-1
3
-1
3836
4385
2356
-1
-1
4200
3460
3961
-1
4034
1688
581
4730
4883
1917
1129
-1
2452
731
-1
23
-1
-1
3296
4544
870
227
1246
316
-1
3831
464
-1
4288
3816
1578
4393
-1
-1
2632
130
2295
2142
3091
4100
3790
-1
-1
2923
3877
3099
-1
-1
293
-1
-1
-1
459
-1
2427
-1
626
0
-1
-1
1492
2041
-1
2906
-1
-1
-1
-1
-1
1378
970
1763
2073
2462
-1
3472
-1
4795
3074
1431
-1
-1
1971
4361
1888
-1
-1
1099
-1
-1
3514
-1
-1
-1
3841
4234
2952
215
-1
4976
2474
49
203
-1
-1
-1
-1
-1
-1
-1
-1
-1
-1
2950
-1
4312
-1
1885
-1
230
-1
2032
-1
-1
-1
4698
2669
562
-1
3887
-1
-1
-1
3721
3626
4107
4417
4805
-1
4185
-1
2862
-1
-1
-1
-1
4315
-1
769
4444
-1
-1
-1
-1
858
4849
2976
1026
3504
1890
4705
-1
-1
-1
184
2393
2454
-1
-1
1524
-1
513
2610
-1
3411
2447
4119
4395
486
-1
-1
-1
4368
2886
3826
-1
0
2029
3824
-1
-1
325
3218
-1
3770
3572
4009
4012
1065
1282
3550
3240
2852
-1
3160
3782
-1
-1
3882
2054
-1
1658
-1
-1
-1
1805
4214
2347
3985
-1
-1
4368
3682
4153
4546
2640
4903
-1
-1
2840
4737
-1
-1
2068
821
3714
-1
47
-1
-1
4791
-1
1739
2830
4000
-1
3428
2977
-1
-1
2657
628
1168
-1
-1
2981
-1
3812
3575
4085
3336
1668
3409
3938
3795
896
508
-1
504
3875
1827
-1
-1
-1
-1
999
2330
1082
245
-1
-1
-1
1329
4456
-1
1712
3663
1810
2203
4983
2754
-1
-1
-1
2081
2767
2535
-1
1836
-1
-1
-1
499
1277
-1
4432
918
174
3658
91
1084
320
3199
862
5000
0
1717
-1
2117
-1
638
1470
1155
4082
-1
4322
4324
753
1595
-1
-1
3164
198
2154
-1
4170
2449
-1
3260
-1
1346
-1
-1
2413
3509
-1
-1
3672
2889
2183
945
3995
4466
4859
2674
-1
569
-1
-1
-1
-1
4810
-1
-1
-1
1519
4642
-1
-1
-1
-1
3575
2483
-1
2435
-1
-1
855
3206
-1
940
855
-1
323
1707
-1
-1
-1
604
3023
1980
3096
-1
1519
3792
-1
-1
191
814
3487
-1
-1
-1
-1
1311
-1
1394
4932
-1
-1
-1
3985
233
-1
-1
3350
2879
2486
4671
-1
3226
-1
-1
-1
3079
-1
-1
-1
-1
-1
3016
-1
-1
-1
-1
3770
140
1031
223
-1
-1
1490
4451
-1
0
-1
-1
2430
2979
4051
-1
843
-1
-1
4634
4637
-1
1907
-1
1136
-1
-1
-1
-1
1143
-1
-1
-1
2442
1033
298
-1
-1
-1
-1
-1
1641
-1
-1
3743
694
4778
171
-1
723
4119
4039
3465
4112
-1
503
-1
-1
-1
-1
4329
-1
-1
4166
2400
1114
2205
-1
2122
948
2649
3834
2107
-1
-1
543
4915
4366
1395
-1
-1
2950
4710
2711
2708
2784
-1
1831
3480
1133
3167
122
-1
3799
520
2164
3773
-1
3377
2046
-1
381
-1
-1
935
704
81
-1
1087
-1
2435
2173
-1
3379
3538
-1
-1
-1
-1
3160
-1
-1
-1
-1
-1
-1
-1
-1
57
-1
4549
4283
-1
-1
4695
3824
4764
625
0
-1
2886
2742
-1
1263
845
-1
294
2366
4947
52
-1
2781
-1
4178
-1
-1
2222
2156
3545
1824
4820
1116
2872
-1
-1
638
1963
-1
-1
3592
1954
2737
3443
1570
-1
91
4517
1702
-1
-1
-1
-1
-1
-1
816
1995
-1
4651
-1
-1
-1
-1
-1
-1
4200
3108
-1
1810
-1
2039
1480
2420
-1
1565
230
-1
-1
-1
1812
2127
2637
-1
2603
-1
-1
4876
2857
3167
1446
3479
435
189
-1
-1
2476
-1
528
-1
-1
-1
4307
-1
2193
3753
391
-1
-1
4226
2276
-1
-1
-1
-1
-1
3931
3567
-1
1297
3472
662
-1
2693
1763
-1
440
-1
1197
-1
3145
765
406
-1
2979
-1
4136
76
4063
0
-1
2427
1946
-1
-1
4468
4783
4981
2322
259
-1
4815
2469
-1
511
899
3865
-1
-1
3233
1512
132
4197
-1
-1
4078
325
3350
4446
-1
3904
2266
3050
3755
-1
4932
-1
796
3611
-1
-1
3414
-1
-1
3641
3873
1683
-1
4964
-1
3704
-1
-1
3541
-1
-1
3421
2750
3504
323
-1
-1
2732
-1
-1
4918
-1
1260
-1
2877
-1
2676
-1
2086
2083
2159
188
-1
2146
3243
3792
747
4876
4424
1145
2212
3148
-1
2752
3580
-1
1006
2102
1880
1560
-1
-1
-1
4539
2588
3060
-1
-1
-1
4163
-1
3255
-1
984
-1
975
1915
2381
-1
-1
-1
4974
-1
-1
-1
1077
4908
-1
2667
931
552
4612
-1
0
-1
2740
-1
3916
-1
4781
4905
4669
-1
-1
4427
-1
2156
113
198
-1
3553
3404
2781
-1
-1
445
-1
1504
-1
-1
13
1338
4759
4224
784
2422
1639
-1
2806
245
4285
3892
1077
1661
3182
3101
4402
-1
1673
3560
1370
743
276
269
1609
3409
-1
-1
-1
-1
-1
2437
1185
4991
-1
-1
1956
-1
-1
-1
1023
3428
4544
-1
2249
2989
4354
-1
1771
-1
501
-1
2542
-1
897
3941
437
-1
3543
1900
-1
-1
2440
-1
2644
-1
-1
3433
3128
-1
-1
-1
4851
2100
-1
1236
3421
4317
525
-1
2942
-1
672
4097
1287
1602
2933
2613
4266
1065
286
-1
994
-1
-1
220
1473
-1
-1
-1
701
3438
0
154
-1
3680
772
-1
-1
4593
645
-1
-1
887
-1
1844
4576
4886
-1
1761
1285
3094
-1
887
4244
-1
3809
4783
1548
4700
1026
-1
1089
4529
2891
1326
-1
2508
4444
-1
3580
4236
3028
-1
-1
286
2862
1985
3248
3943
1055
589
4957
1922
-1
-1
2916
3650
137
-1
2125
4129
-1
3899
-1
-1
-1
2498
4293
3665
1885
4856
-1
-1
-1
960
-1
1458
1534
4188
1920
2230
-1
4417
-1
750
-1
-1
3414
-1
1465
-1
-1
2044
-1
2274
-1
2816
4454
1331
-1
4837
1788
1316
923
1893
-1
-1
4869
2630
4795
-1
4410
-1
1290
-1
2300
423
1377
4402
259
-1
-1
-1
533
1785
2042
3445
-1
-1
1875
0
-1
1636
1009
4541
-1
406
-1
957
-1
3804
1199
1123
-1
-1
-1
4962
-1
-1
1595
-1
-1
3931
135
879
-1
-1
613
713
384
3599
4842
1797
3987
308
2181
4131
-1
1734
4549
-1
2557
-1
4974
2549
-1
2066
-1
1368
901
357
2767
-1
-1
-1
1038
-1
643
-1
4441
-1
-1
2271
-1
4532
2815
-1
1648
-1
-1
3062
1624
3614
3729
-1
3855
-1
-1
-1
-1
2696
272
-1
1062
362
2918
-1
-1
3223
3186
-1
3269
3057
-1
-1
-1
-1
-1
2652
4525
3526
-1
-1
2796
59
101
4820
2684
108
-1
279
-1
977
1443
1988
110
1690
911
-1
-1
-1
2015
-1
2903
3272
1868
4615
-1
-1
0
-1
-1
4305
-1
-1
718
-1
-1
1072
3492
3489
1436
1219
3951
740
352
-1
4341
3719
-1
262
1382
-1
567
-1
-1
926
-1
696
1714
154
3516
4300
5
3133
-1
3348
2046
4861
2403
2757
2164
-1
2237
-1
2623
-1
1680
1214
4332
2547
4346
3567
2710
4275
-1
-1
3501
-1
-1
477
-1
-1
-1
-1
1333
-1
-1
-1
1627
1312
-1
1585
836
4168
-1
3563
3706
3396
-1
-1
-1
-1
-1
2606
-1
1898
2090
1502
-1
-1
-1
3352
4371
-1
-1
3045
2339
-1
1163
691
-1
-1
4747
4588
4507
-1
420
-1
4966
2225
665
-1
3326
4798
2999
1224
367
3069
-1
-1
-1
-1
1417
-1
-1
-1
2501
0
784
-1
384
4835
3138
3970
-1
-1
760
3179
-1
1748
4095
-1
-1
-1
2698
-1
-1
3331
52
3306
4241
4747
1155
2486
-1
-1
-1
2027
4534
-1
389
318
3445
-1
-1
-1
4827
2911
3069
1851
-1
1924
2923
2310
-1
1993
1526
982
-1
342
3880
1978
-1
-1
-1
-1
-1
1241
-1
3355
-1
157
-1
3355
2728
-1
4207
1314
4002
-1
3104
4478
-1
-1
3250
982
-1
-1
-1
-1
-1
-1
2293
4351
-1
2403
1190
4859
-1
-1
-1
4683
-1
-1
-1
-1
-1
850
4622
-1
-1
-1
726
806
-1
-1
579
347
2537
-1
4183
-1
516
2315
3465
4322
2244
3731
-1
3531
-1
-1
2493
3990
-1
2188
0
3904
-1
71
-1
-1
1343
3343
-1
4554
-1
2864
2940
4407
3326
1365
4024
1990
-1
657
1358
4637
-1
-1
59
1468
2798
-1
-1
-1
2339
-1
860
76
4371
-1
-1
-1
2330
486
1778
3382
3462
-1
-1
-1
-1
4808
-1
1839
3707
1829
30
809
1666
-1
3614
4705
-1
-1
3448
-1
1334
-1
469
-1
-1
2586
3135
1106
1002
687
-1
2210
-1
4793
284
-1
4331
980
-1
4334
2622
2000
-1
1981
-1
-1
2286
4124
455
-1
2881
-1
4996
-1
-1
2420
1714
-1
-1
66
328
-1
879
1038
3882
-1
3956
-1
660
2151
-1
4495
-1
4173
2374
-1
-1
2444
-1
2952
-1
1966
4209
-1
1324
2737
1876
0
-1
-1
-1
4210
1238
3345
-1
-1
-1
-1
2449
-1
-1
3013
3323
-1
1678
-1
4656
1045
677
-1
1385
-1
1780
1890
3138
4463
-1
2652
1092
-1
-1
943
-1
-1
-1
2984
799
3536
3694
3775
-1
3702
1453
3316
-1
2383
2151
-1
-1
284
-1
3648
4788
1700
-1
4439
691
3135
462
-1
81
782
-1
2271
2898
3448
1419
689
4627
4864
2479
4898
-1
-1
2376
4644
4334
1055
-1
-1
-1
1612
1668
4976
4041
-1
-1
4234
4519
-1
4290
308
1253
-1
2893
3599
3275
4776
-1
-1
3455
1192
-1
-1
3934
-1
1204
-1
-1
-1
-1
4263
-1
-1
2161
3697
2132
-1
1736
2906
-1
4522
1883
3365
-1
3438
0
3279
-1
-1
-1
926
-1
2283
2520
4822
-1
-1
-1
32
2300
3011
-1
3636
-1
32
733
-1
2632
1697
684
-1
1578
-1
-1
1946
2964
1404
-1
550
1255
-1
-1
-1
-1
1111
1153
-1
4087
3411
987
-1
-1
818
-1
-1
-1
-1
596
184
3960
525
2012
-1
-1
-1
2823
4227
-1
4769
1094
4378
-1
-1
1241
-1
-1
4939
-1
-1
4586
-1
-1
-1
4956
-1
-1
1292
3247
2376
1924
-1
-1
4353
3340
252
3921
-1
3506
399
-1
4060
2579
1795
1089
-1
4913
-1
953
3768
3497
3338
1744
-1
3331
-1
-1
-1
586
-1
4576
3548
-1
2527
3384
1819
-1
-1
-1
3660
4834
3431
1949
-1
-1
0
2967
4761
4134
3585
4388
2281
2405
2169
4510
3072
-1
-1
-1
2613
-1
1914
3948
-1
-1
4581
-1
-1
2991
-1
2405
1265
2513
-1
2742
-1
3284
-1
862
3433
-1
-1
-1
3609
3577
840
-1
4400
-1
4327
-1
1060
1131
-1
-1
2769
-1
4092
-1
728
838
-1
1233
64
1316
2491
3914
396
-1
-1
4690
-1
-1
928
-1
-1
4749
-1
1854
4273
-1
655
3001
4732
4959
430
1604
1441
2937
-1
1043
-1
4666
1348
4940
1392
-1
3819
86
-1
4373
2735
3518
-1
2650
4600
872
1265
4080
1817
1976
2056
442
1983
-1
3404
-1
-1
-1
-1
-1
3565
-1
1929
3494
20
-1
-1
3973
-1
3743
2261
-1
-1
0
2347
552
3821
1729
301
-1
2093
-1
-1
3384
1614
3311
4344
2925
2386
2227
-1
1216
4407
-1
-1
1744
2322
-1
2718
4048
2200
-1
2430
1412
-1
4610
1175
-1
-1
1944
-1
-1
3265
4473
-1
-1
-1
-1
516
-1
-1
1446
1912
-1
579
1221
-1
4585
3851
2637
3455
-1
3372
2803
1399
-1
4144
3282
3
-1
3836
616
2645
4752
-1
-1
-1
-1
3958
967
3313
581
4730
118
1917
1129
1751
2452
4270
4087
4978
1036
-1
3296
-1
-1
227
-1
-1
-1
1170
4537
-1
713
-1
-1
-1
-1
2713
-1
-1
2706
-1
-1
901
3790
-1
-1
2078
1124
-1
2242
1194
-1
799
1968
-1
-1
945
2574
-1
626
0
-1
-1
-1
2960
4988
2906
1780
-1
1116
-1
-1
3623
4031
3238
-1
2539
4573
3472
906
4795
-1
1431
2635
-1
3030
4361
-1
-1
2884
3902
-1
-1
-1
-1
-1
3370
3841
767
2049
-1
-1
25
2527
-1
4798
-1
-1
-1
3401
2144
267
-1
-1
103
-1
2950
1858
689
-1
-1
-1
4771
3831
2032
-1
-1
-1
4698
2669
4439
4124
-1
1229
1353
1355
3721
-1
894
-1
196
-1
4185
3562
-1
-1
3775
-1
4278
686
2017
769
-1
-1
3443
4998
1641
4143
-1
-1
3975
3504
3111
-1
2559
2601
-1
-1
2393
-1
2222
4412
-1
-1
4488
2610
811
-1
-1
-1
606
4515
1656
-1
4229
-1
2886
3826
-1
0
-1
1177
3196
2354
325
3218
-1
-1
-1
-1
-1
3936
3719
1451
1761
2149
115
3160
1219
-1
-1
3882
-1
-1
3343
328
3426
-1
-1
4214
2347
1016
3201
2496
633
-1
4153
455
2640
-1
-1
337
2161
4737
-1
-1
2933
821
1287
3169
-1
-1
-1
210
3226
1739
2171
1001
2254
1573
2977
-1
1482
2344
-1
-1
-1
-1
2981
874
-1
-1
-1
1665
-1
3409
-1
-1
4105
508
-1
504
-1
1827
4895
-1
-1
-1
4002
-1
1082
-1
4149
3130
4691
3672
545
-1
3289
-1
1810
2203
-1
2247
2913
2007
-1
-1
2234
-1
4725
1836
-1
826
-1
-1
-1
-1
-1
918
4827
-1
91
-1
-1
-1
862
5000
0
3284
3511
-1
2666
638
1470
1155
919
-1
4322
677
4248
-1
-1
1448
1837
-1
2154
1531
831
2449
806
-1
-1
3655
-1
3738
-1
-1
-1
-1
1329
-1
-1
945
-1
4466
142
2327
4590
4432
-1
-1
-1
423
4810
-1
508
-1
-1
-1
-1
1380
-1
2088
3575
2518
-1
-1
-1
2664
855
-1
2344
4061
-1
-1
4678
1707
-1
3499
3262
-1
1978
-1
1905
750
1519
1209
-1
-1
-1
4187
1514
208
-1
-1
-1
3690
-1
-1
69
3836
-1
-1
3985
4768
-1
1400
3350
2879
2515
4671
-1
1775
-1
4192
-1
-1
2154
37
2852
1683
-1
1985
186
965
3179
-1
3770
4861
-1
-1
1397
-1
3511
4451
4688
0
1404
-1
-1
-1
4051
1158
4158
-1
-1
367
364
-1
1907
-1
1136
3477
511
-1
-1
1143
-1
494
3572
-1
3968
4703
950
-1
-1
162
-1
3360
2425
-1
3743
-1
4778
4830
-1
-1
-1
-1
3465
-1
-1
503
-1
-1
662
3794
-1
-1
1692
835
-1
1114
2796
-1
2122
4053
-1
3834
-1
-1
-1
4458
4915
4366
1395
-1
1814
-1
-1
2711
-1
-1
438
-1
-1
-1
3167
-1
501
3799
-1
-1
3773
4786
1624
2046
-1
4620
1477
2496
935
704
-1
-1
1087
-1
2435
-1
-1
3379
1463
-1
-1
3545
3392
-1
4651
-1
3006
-1
-1
127
-1
1509
57
1543
-1
-1
535
1709
-1
1177
-1
-1
0
1092
2115
2742
1710
-1
-1
-1
4707
2635
54
4949
-1
2220
4488
4178
3789
-1
2779
-1
3545
1824
-1
-1
2129
-1
611
-1
1963
-1
4849
3592
1954
2264
1558
-1
4620
-1
484
-1
3965
-1
3726
-1
-1
3953
-1
3006
118
350
4107
4017
-1
-1
-1
-1
-1
-1
-1
1810
-1
-1
1480
2420
-1
3436
4771
-1
948
3919
1812
-1
2637
22
2398
2396
2471
-1
2144
3167
-1
1522
-1
4812
-1
833
2476
1541
528
-1
-1
-1
694
1790
2808
3753
391
-1
-1
-1
-1
-1
-1
-1
3692
-1
3931
-1
-1
3704
-1
662
-1
2308
1763
-1
-1
-1
-1
369
-1
4236
-1
4153
2022
-1
4136
76
-1
0
779
2574
1946
1397
-1
-1
218
20
2679
4742
-1
-1
2532
201
4490
-1
3865
-1
-1
1768
3489
132
-1
3184
-1
-1
-1
3350
-1
4537
1097
2266
-1
1246
-1
69
-1
4205
-1
1348
1507
-1
-1
3487
3641
3873
3318
430
37
-1
1297
-1
2684
1460
-1
4512
-1
2750
3504
-1
1727
-1
2732
-1
-1
4918
4290
1260
4231
2124
2562
2325
4666
2915
2083
-1
188
-1
2855
-1
1209
-1
125
4424
-1
2212
3148
-1
-1
3580
-1
1006
2102
-1
1560
79
4295
3589
-1
2413
3060
-1
1268
997
-1
757
-1
4170
984
1216
975
1915
2620
2076
-1
752
27
4117
682
2168
3924
4908
1160
2334
931
-1
389
1250
0
467
2740
-1
3916
-1
-1
96
332
2991
572
4427
-1
2845
-1
198
-1
3553
1597
2220
2920
1199
445
-1
-1
4905
1236
13
1338
242
-1
784
2422
3362
-1
2806
4756
-1
-1
-1
1661
-1
-1
4402
-1
3328
3560
3631
4258
4725
-1
3392
1592
-1
-1
-1
-1
3733
2437
1185
4991
1414
-1
1956
-1
-1
396
1023
-1
-1
-1
2752
2012
647
-1
1771
1846
501
-1
2542
-1
897
-1
437
264
-1
1900
2835
-1
2440
-1
2357
-1
-1
1568
1873
-1
1018
3277
4851
2901
1629
1236
1580
-1
525
-1
2942
518
672
904
1287
1602
2068
-1
735
1065
286
-1
-1
2481
-1
220
3528
-1
-1
-1
4300
-1
0
4847
1949
1321
772
-1
-1
-1
4356
1697
-1
4114
-1
1844
-1
115
274
1761
-1
1907
-1
4114
757
4822
3809
-1
-1
301
-1
4930
-1
472
2110
3675
-1
2508
557
1028
-1
-1
3028
2132
2789
4715
2139
3016
3248
3943
3946
589
4957
3079
-1
2942
2085
3650
-1
-1
2125
872
4698
-1
2584
-1
-1
-1
-1
3665
-1
-1
-1
1937
-1
960
3540
1458
1534
813
-1
-1
2618
584
-1
4251
49
1770
3414
-1
1465
-1
-1
2957
-1
2274
-1
-1
4454
-1
2037
164
1788
3685
4078
1893
4629
-1
132
2630
206
-1
4410
3401
1290
1756
2300
4578
-1
599
4742
3694
2208
3299
533
3216
2959
3445
4927
3987
-1
0
159
1636
1009
4541
2488
-1
721
-1
1385
-1
1199
-1
-1
4263
-1
4962
-1
-1
3406
2295
574
-1
4866
-1
-1
3140
4388
-1
-1
-1
-1
1797
3987
4693
2181
870
1341
-1
-1
-1
-1
2525
4974
2549
2298
2935
745
1368
4100
357
2234
-1
3255
2603
3963
-1
4358
3189
560
616
4212
-1
-1
469
2815
-1
3353
2198
169
1939
3377
1387
1272
1148
3855
-1
-1
3394
1917
-1
-1
3316
1062
4639
2083
-1
2210
3223
-1
-1
1732
-1
-1
-1
-1
-1
1643
-1
476
3526
1004
-1
2796
-1
4900
181
2684
4893
-1
4722
-1
4024
-1
3013
4891
1690
4090
54
-1
-1
-1
-1
2098
1729
1868
-1
3675
-1
0
-1
1324
4305
4854
-1
4283
3968
3731
1072
1509
3489
-1
1219
1050
740
352
2386
-1
3719
1983
4739
-1
447
4434
843
-1
4075
401
-1
-1
-1
-1
4300
4996
3133
-1
-1
-1
140
-1
2757
2164
4661
2237
2610
2378
-1
3321
1214
669
2454
4346
1434
-1
-1
762
-1
-1
4754
4073
477
-1
-1
-1
1873
1333
3040
2491
-1
3374
3689
-1
1585
836
4168
-1
3563
-1
-1
3008
-1
-1
1375
-1
2395
-1
3103
2090
1502
4830
1419
-1
3352
630
2191
-1
-1
-1
-1
-1
4310
-1
-1
-1
4588
494
-1
4581
-1
4966
2225
4336
1131
1675
-1
2999
3777
367
3069
-1
2327
-1
2591
3584
2181
-1
3362
-1
0
-1
3990
384
-1
3138
1031
1346
-1
760
1822
-1
-1
-1
1363
1053
-1
2698
-1
-1
-1
4949
3306
760
4747
-1
-1
-1
-1
3992
-1
-1
3829
389
-1
1556
3506
1966
2359
-1
2090
3069
3150
4349
3077
-1
-1
4881
3008
1526
982
-1
4659
1121
-1
4588
1075
-1
-1
4935
-1
-1
-1
-1
4844
1561
3355
-1
2823
-1
3687
4002
-1
3104
523
-1
-1
3250
982
3709
3321
354
2691
-1
-1
2708
4351
3416
2403
-1
142
1107
2569
-1
4683
3123
-1
2268
2974
-1
-1
379
-1
-1
-1
726
4195
-1
4268
579
4654
2537
4649
4183
1363
-1
2315
1536
4322
-1
1270
2640
3531
2723
-1
2508
1011
1951
2188
0
3904
4302
71
-1
1551
1343
-1
1895
4554
-1
-1
-1
-1
-1
1365
4024
1990
4966
-1
-1
364
-1
-1
59
1468
2798
-1
225
3680
2339
779
-1
-1
630
1243
-1
2278
-1
-1
-1
3382
1539
4036
3389
1766
1998
-1
-1
-1
1294
1829
4971
4192
-1
4900
1387
4705
4126
4622
3448
-1
-1
-1
469
3753
-1
-1
-1
3895
-1
-1
-1
2210
211
4793
284
-1
-1
980
-1
-1
2622
-1
-1
3020
4664
3728
-1
4124
-1
4207
-1
-1
4996
1566
-1
2420
3287
-1
-1
4935
-1
-1
-1
1038
1119
-1
1045
892
4341
2151
4961
-1
-1
-1
2627
-1
-1
-1
958
-1
3218
3035
4209
2195
3677
2264
1876
0
-1
386
-1
-1
-1
3345
3030
2794
4866
-1
-1
2628
-1
-1
-1
1289
1678
279
345
1045
-1
-1
3616
-1
-1
1890
3138
4463
3367
2652
3909
4454
-1
943
4070
-1
2591
-1
799
1465
-1
1226
1277
1299
-1
1685
-1
2618
-1
1607
-1
284
4505
3648
213
3301
-1
-1
-1
3135
4539
-1
-1
4219
936
2271
-1
1553
1419
-1
4627
4864
-1
-1
-1
-1
-1
-1
4334
1055
979
-1
2312
3389
3333
-1
960
1973
-1
-1
-1
3194
4290
308
-1
-1
2893
1402
1726
-1
-1
-1
3455
3809
-1
-1
-1
3643
-1
972
-1
274
-1
-1
3860
-1
2161
3697
2869
645
1736
-1
-1
4522
3118
-1
2576
3438
0
3279
74
4446
3897
-1
-1
2283
-1
-1
-1
2762
2686
-1
2300
-1
3399
3636
591
-1
-1
989
2369
3304
4317
2093
3423
-1
-1
1946
2964
1404
4766
550
1255
-1
-1
2903
3296
1111
3848
-1
914
-1
-1
1141
3628
-1
2930
2537
-1
-1
-1
184
3960
4476
2989
-1
250
1004
2823
4227
709
-1
1094
4378
-1
-1
3760
-1
4624
4939
-1
-1
-1
-1
-1
-1
-1
-1
-1
3709
3247
-1
3077
3645
289
648
-1
-1
3921
169
-1
4602
621
-1
2422
1795
3912
-1
4913
-1
4048
3768
1504
-1
-1
4246
1670
-1
1285
1526
-1
-1
425
-1
-1
-1
1617
3182
4668
3577
2593
3660
4834
3431
1949
2889
-1
0
2967
4761
-1
1416
-1
-1
2405
-1
491
-1
3074
2003
4656
2613
2303
3087
3948
4097
-1
420
3699
-1
2010
-1
2405
1265
2513
-1
2259
-1
1717
79
4139
3433
4695
2256
-1
1392
3577
4161
-1
-1
3099
674
-1
3941
-1
1758
2225
-1
-1
-1
-1
728
838
2676
1233
-1
-1
-1
1087
-1
4456
1407
4690
2105
3523
928
-1
64
252
-1
3147
-1
-1
4346
-1
4732
42
430
1604
-1
-1
2237
-1
4400
4666
-1
4940
1392
-1
-1
4915
4068
628
2266
3518
-1
2650
-1
-1
-1
921
3184
-1
-1
-1
-1
3172
-1
3787
899
-1
4888
1766
1436
2215
1929
3494
-1
1111
2281
1028
4854
1258
2740
1800
-1
0
2654
-1
-1
3272
301
-1
2093
-1
-1
1617
3387
-1
4344
2925
-1
2774
740
1216
594
108
1614
3257
2679
-1
2283
4048
-1
-1
2430
1412
2029
-1
3826
3121
4993
-1
-1
-1
1736
528
-1
-1
-1
-1
4485
4253
3558
1446
-1
2457
579
-1
442
416
-1
-1
1546
-1
-1
2803
1399
-1
-1
-1
4998
1793
-1
616
2645
-1
4437
-1
-1
-1
1043
967
1688
4420
271
118
-1
3872
-1
-1
-1
-1
23
-1
374
3296
-1
870
4774
1246
316
1954
3831
4537
-1
-1
-1
1578
4393
-1
-1
2369
130
2706
2142
3091
-1
-1
-1
-1
-1
3877
3099
-1
1194
293
799
3033
716
459
-1
-1
-1
626
0
2342
865
3509
2041
-1
-1
1780
-1
3885
1304
1302
1378
-1
3238
-1
2539
428
1529
4095
4795
-1
3570
-1
-1
3030
4361
3113
-1
2117
3902
2342
-1
1487
2808
320
-1
3841
4234
2049
4786
-1
-1
2474
4952
4798
-1
-1
3868
1600
-1
-1
3467
-1
4898
1463
2950
3143
4312
3060
-1
-1
-1
-1
-1
4686
1480
-1
303
-1
-1
4124
-1
3772
3648
-1
1280
-1
4107
-1
196
-1
4185
-1
2862
4583
-1
-1
723
686
-1
769
-1
4461
-1
4998
-1
4143
-1
-1
-1
3504
1890
296
2442
-1
2320
184
2393
2454
-1
589
-1
1058
513
-1
4190
3411
2554
-1
606
486
-1
-1
-1
4368
-1
3826
-1
0

