128

0
3284
1490
2884
2335
4363
1470
1155
919
3260
679
677
4248
3406
3863
1448
1837
4803
2847
1531
4170
2552
806
3260
2247
1346
15
1263
2588
1492
4527
2967
3672
2112
2818
4056
3995
535
142
2674
4590
569
650
3152
4424
423
4810
2381
4493
4026
3482
359
2842
1380
4478
2913
1426
2483
3687
2435
1260
2664
855
3206
2657
940
855
228
323
1707
3814
1502
3262
604
3023
1980
3096
750
1519
1209
821
2854
4810
814
1514
4793
3150
916
98
1311
2642
3607
69
1165
2818
623
3985
233
4527
3601
1651
2122
2515
4671
3067
3226
1695
4192
3233
1922
2154
4964
2149
1683
3863
3016
4815
965
1822
257
3770
140
1031
4778
1397
4993
3511
550
313
0
3597
3199
2430
2979
4051
1158
843
4395
2054
367
364
440
3094
4175
3865
3477
4490
2535
3157
1143
2864
494
3572
2559
1033
298
950
2276
3821
162
1722
1641
2576
3130
1258
4307
4778
171
2986
723
4119
962
1536
4112
4266
503
2693
196
4339
1207
4329
2471
1692
4166
2400
3887
2205
1626
2122
4053
2649
1167
2107
2969
1253
543
4915
635
1395
1499
1814
2950
4710
2711
2708
2784
4563
1831
3480
1133
3167
122
4500
3799
520
2164
3773
4786
1624
2955
3294
381
3524
2496
935
4297
4920
4214
1087
3038
2435
2173
4358
3379
1463
3619
3880
1456
3392
1841
350
2461
3006
3550
3328
4874
652
1509
4944
1543
452
718
535
3292
4695
3824
4764
4376
0
1092
2886
2742
1710
1263
845
4471
294
2635
4947
52
128
2220
4488
4178
1212
823
2222
2845
1456
3177
181
1116
2129
4280
611
638
1963
4134
152
3592
3047
2264
1558
3431
4620
4910
484
3299
3965
3807
3726
1224
3799
3953
4185
3006
118
350
4107
984
2784
2005
1148
2288
4200
1893
3062
1810
635
2962
1480
2420
3282
3436
230
398
4053
1082
3189
2127
2364
4979
2603
2396
2530
125
2144
3167
3555
3479
4566
189
889
4168
2476
3460
528
3065
3267
2019
694
1790
2193
3753
4610
4608
3902
4226
2276
2747
1861
4046
1309
1150
1070
3567
1143
3704
1529
662
2227
2693
3238
1360
4561
4661
1197
4632
3145
765
406
848
2979
4383
4136
4925
4063
0
4222
2427
3055
1397
3426
533
4783
20
2322
4742
4739
4815
2532
4800
4490
4102
1136
1910
2469
1768
3489
132
4197
1817
408
4078
4676
1651
555
4537
1097
2266
3050
3755
3118
4932
403
4205
3611
3653
3494
1587
4090
3487
1360
3873
3318
4571
4964
4419
3704
3096
2684
1460
1976
4512
3421
2750
1497
4678
3274
1792
2269
3594
3123
4918
4290
3741
4231
2124
2562
2676
335
2915
2918
2159
4813
2545
2146
1758
3792
747
4876
4424
1145
2789
1853
4161
2752
3580
2669
3995
2102
3121
1560
79
706
3589
4539
2588
3060
3453
3733
4004
4163
757
1746
4170
984
3785
4026
1915
2620
2925
1048
752
27
4117
682
2833
1077
93
1160
2334
931
4449
389
3751
0
467
2261
3367
1085
3113
4781
96
4669
2991
572
574
4503
2156
4888
4803
4414
3553
3404
2220
2920
3802
4556
491
3497
4905
1236
13
3663
4759
777
784
2422
1639
4068
2806
4756
4285
3892
1077
1661
3182
3101
599
3174
3328
1441
1370
4258
4725
4732
3392
3409
2371
3228
1663
4825
3733
2564
1185
4991
1414
2896
1956
1094
2811
396
3978
1573
4544
2437
2752
2012
647
1773
1771
1846
501
2769
2542
2071
897
3941
437
4737
3543
3101
2166
3848
2561
3892
2644
3682
2586
3433
1873
235
3983
3277
150
2100
3372
1236
1580
684
4476
4556
2942
4483
672
904
1287
1602
2068
2613
735
1065
4715
4429
994
2481
1390
4781
1473
2647
1243
240
701
1563
0
4847
1949
1321
772
2200
93
408
4356
1697
4117
4114
811
3157
425
115
4727
3240
3716
1907
2393
4114
757
179
3809
4783
3453
4700
1026
71
1089
4529
2891
3675
621
2508
557
1028
3580
765
1973
2869
2212
4715
2139
3016
3248
3943
1055
4412
44
3079
3721
2942
2916
3650
137
955
2876
4129
303
1102
2584
1644
4219
2498
4293
3665
1885
145
2252
1937
3301
4041
3540
1458
3467
813
1920
2771
2618
4417
1372
750
49
1770
3414
2478
1465
2127
4205
2957
1631
2727
3746
2185
547
1331
2964
164
1788
3685
4078
3108
4629
213
4869
2630
206
4642
4410
1600
3711
3245
2701
423
3624
599
259
1307
2793
3299
4468
3216
2959
1556
74
1014
1875
0
4842
3365
1009
4541
2513
4595
4280
4044
3616
1197
3802
3878
3470
4263
4573
39
2073
4029
1595
2295
574
1070
135
4122
530
1861
4388
4288
4617
1402
4842
1797
3987
308
2820
4131
3660
1734
4549
2286
2557
2525
27
2549
2298
2066
4256
1368
901
357
2767
4034
3255
2603
1038
4551
4358
3189
560
616
789
2730
3670
469
2815
3980
1648
2803
4832
1939
3377
3614
3729
3853
1146
1221
3875
3394
3084
2305
272
1685
1062
362
2918
1275
2210
3223
3186
4517
1732
1944
3040
4058
2498
860
1643
2349
4525
1475
3997
4390
2796
59
4900
181
2317
108
4954
279
1912
4024
3558
1988
4891
3311
911
54
1619
3106
2015
4156
2903
3272
1868
4615
3675
2813
0
4529
3677
696
4854
2176
718
3968
3731
3929
3492
1512
1436
1219
1050
740
352
2386
4341
1282
3018
262
3619
4554
567
843
2173
926
401
696
1714
154
1485
701
4996
1868
1182
3348
2955
140
2403
2244
2164
4661
2764
2610
2623
4568
1680
3787
4332
2454
655
3567
2291
726
4239
330
1500
247
928
4524
1959
1019
4844
3128
1333
3040
2491
4520
3374
3689
3926
3416
836
4168
4092
1438
1295
3396
3008
42
1997
1375
674
2606
4039
3103
2090
3499
4830
3582
2745
1649
4371
2810
1172
1956
2662
4212
3838
4310
4703
2518
254
413
4507
2996
4581
4734
35
2225
665
1131
1675
203
2999
3777
4634
3069
1583
2674
3843
2591
1417
2820
699
3362
2501
0
4217
3990
384
4835
3138
1031
3655
3419
4241
1822
3177
3253
906
1363
1053
4337
2303
4654
970
1670
4949
3306
760
4747
1155
2486
3763
88
1009
2027
467
3829
389
318
3445
3506
1966
2359
4827
2090
1932
3150
652
1924
2078
2310
120
3008
1526
4019
2859
4659
1121
1978
413
3926
18
1187
4935
3760
4837
1646
706
157
1561
1646
2728
2178
794
3687
4002
4239
3104
523
521
596
1751
982
1292
1680
4647
2310
1687
4014
2708
650
1585
2598
1190
4859
1107
2432
3665
4683
1878
3516
2268
2974
3900
850
379
15
2830
4434
726
4195
1692
733
579
347
2464
4649
4183
1363
516
2686
1536
4322
2244
1270
2640
3531
2723
1104
2508
1011
3050
2188
0
3904
4302
71
4522
3450
3658
3343
1895
4554
2134
2137
2940
4407
3326
3636
977
1990
4966
4344
1358
4637
2994
1072
4942
1468
2798
3450
4776
3680
2662
4222
860
4925
630
3758
3194
2723
2330
4515
1778
1619
1539
4036
1612
1766
1998
193
2696
1839
3707
1829
4971
809
3335
101
1387
296
875
379
1553
149
3667
394
469
1248
3043
2586
3135
1106
1002
687
4551
2210
211
208
284
2938
670
980
1368
667
2622
3001
1299
1981
4664
3728
2286
877
4546
794
2120
3977
5
3435
3204
2420
1714
1414
538
66
328
3143
4122
3963
3882
1380
1045
892
660
2151
4961
506
3951
828
2374
1849
4009
2557
958
2049
1783
1966
4209
2195
3677
2737
3125
0
3592
4615
242
791
1238
3345
1971
2794
135
2554
2449
2373
4720
3013
3323
1289
3323
279
4656
1045
4324
2320
3616
372
3221
3111
3138
4463
1634
2652
3909
547
4764
4058
4070
2881
2591
2984
4202
1465
1307
3775
1277
1299
3548
1685
506
2383
2850
1607
1517
4717
4505
1353
4788
1700
608
562
691
3135
4539
3980
81
782
4065
2271
2898
3448
3582
4312
4627
137
2522
103
4896
4971
2625
357
667
1055
4022
2066
2689
3389
3333
25
4041
1973
565
4234
4519
1807
711
308
1253
2110
2893
1402
1726
225
4754
4361
3455
3809
1351
3570
1067
1358
3797
972
1839
4727
193
738
1141
2940
2840
3697
2132
4356
3265
2095
1653
4522
3118
3365
2576
3438
0
3279
4927
555
1104
4075
3033
2283
2520
179
2242
2239
2686
4969
2300
3011
3399
3636
591
32
733
4012
2632
1697
684
2908
1578
2176
4151
3055
2037
3597
4766
550
1255
618
2432
2098
3296
1111
1153
994
914
1590
987
3860
1373
4183
2930
2537
1919
1204
4405
4817
3960
525
2989
4080
250
1004
2823
4227
4292
232
1094
4378
2583
3211
1241
3270
377
4939
4825
2166
415
4583
4659
2688
45
355
743
1292
1754
2625
1924
1356
4712
4353
3340
252
3921
169
1495
4602
4380
4060
2579
1795
3912
2039
88
4441
4048
3768
3497
3338
3257
4246
3331
3484
3716
1526
4415
4881
4576
3548
1749
2474
3384
1819
4668
1424
2408
1341
167
3431
1949
2112
3750
0
2967
240
4134
1416
4388
2720
2596
2169
4510
1929
1927
2003
4656
2613
2303
3087
1053
4097
281
4581
3699
2056
2991
4004
2596
1265
2513
1163
2742
3277
3284
79
862
1568
4695
2745
3216
3609
1424
840
682
4400
3099
674
828
3941
3870
3243
2776
2769
4109
4092
130
4273
838
2325
3768
64
1316
2491
3914
396
545
3594
311
2105
3523
4073
2957
64
4749
4512
3147
4273
4271
655
3001
269
4959
430
3397
1441
2064
2237
3958
4400
335
1348
61
3609
144
3819
86
4068
4373
2266
1483
4224
2351
401
4129
1265
921
3184
3025
2056
442
3018
1829
1597
3787
4102
4568
113
3235
3565
2786
1929
1507
20
1111
2281
1028
4854
3743
2261
1800
938
0
2654
552
1180
1729
301
2593
2908
3145
4197
3384
1614
1690
657
2076
2386
2227
740
3785
594
108
1614
3257
2679
1309
2283
953
2200
3526
2571
3589
2029
391
3826
3121
8
1944
1473
3921
1736
528
4632
289
2786
4639
516
748
3558
1446
1912
2457
579
1221
4559
416
3851
2637
1546
4625
3372
2803
3602
84
857
1719
4998
1793
3836
4385
2356
249
4437
801
1541
1040
1043
967
1688
4420
4730
4883
3084
3872
3250
2549
731
4087
4978
1036
374
1705
457
870
4774
1246
4685
3047
1170
4537
2337
713
3816
1578
4393
2129
2288
2369
130
2295
2142
3091
4100
1211
745
4800
2078
3877
1902
2759
1194
4708
799
1968
716
4542
4056
2427
1487
626
0
2659
4136
1492
2960
13
2095
1780
1544
3885
3697
1302
3623
970
3238
2073
2462
428
1529
906
206
1927
3570
2635
1622
3030
4361
1888
1788
2117
1099
2659
4297
3514
2808
320
3370
1160
4234
2952
215
57
4976
2474
49
4798
4566
1756
1133
3401
2144
267
1534
4246
103
1463
2051
1858
689
1941
3116
1712
230
3831
2032
315
1480
853
303
2669
562
4124
1114
1229
3648
3646
3721
1375
894
4417
196
2772
4185
1439
2862
418
1226
291
723
4315
2984
4232
4444
540
1558
3
1641
858
152
2025
1026
1497
3111
4705
2559
2601
2681
184
2393
2547
2222
4412
1524
3943
4488
2610
811
3411
2554
882
4395
486
3345
4598
772
633
2886
3826
4688
0
2029
3824
1805
2647
325
3218
3533
3770
3572
992
989
1065
3719
1451
1761
2149
115
3160
3782
4483
2239
1119
2054
3067
1658
4673
3426
2901
1805
787
2347
3985
3201
2496
4368
1319
4153
455
2361
98
257
337
2840
264
110
123
2933
821
3714
3169
4954
3155
3934
4791
1775
3262
2830
4000
2254
1573
2024
4459
1482
2657
628
3833
4461
4991
2981
874
1189
3575
4085
1665
3333
1592
3938
1206
896
508
2459
504
1126
1827
4895
1539
603
411
999
2671
1082
4756
4149
3130
4691
1329
4456
4839
1712
1338
1810
2798
18
2754
2088
2007
4505
2920
2234
2466
4725
3165
1370
4175
2703
499
3724
2134
4432
918
174
3658
4910
1084
320
1802
862
1
0
3284
3511
2117
2666
4363
1470
3846
4082
1741
4322
4324
753
3406
1138
1448
3164
198
2847
1531
4170
2552
806
3260
2754
3655
15
3738
2588
3509
4527
2967
1329
2889
2818
945
1006
535
4859
2327
411
4432
4351
1849
4424
4578
4810
2620
4493
975
3482
359
2159
3621
523
2088
1426
2518
3687
2435
1260
2337
4146
3206
2344
4061
4146
4773
4678
3294
3814
3499
1739
4397
3023
3021
1905
4251
3482
1209
4180
2147
4810
4187
1514
4793
3150
916
4903
3690
2642
3607
69
1165
2818
623
3985
4768
474
3601
3350
2122
2486
4671
1934
1775
1695
809
3233
3079
2154
4964
2149
3318
3863
3016
4815
965
3179
257
3770
4861
3970
4778
3604
8
1490
550
4688
0
1404
1802
2430
2979
950
1158
843
606
2947
4634
4637
4561
1907
826
1136
1524
511
2466
1844
3858
2864
494
3572
2442
3968
298
950
2276
1180
4839
1722
3360
2425
3130
1258
694
4778
4830
2015
723
882
962
3465
4112
4266
503
2308
4805
662
3794
4329
2471
1692
4166
2400
3887
2796
3375
2879
4053
2649
1167
2894
2969
3748
543
4915
635
1395
3502
3187
2950
291
2290
2293
2217
438
3170
1521
3868
1834
4879
501
3799
520
2837
1228
215
3377
2955
3294
381
1477
2496
4066
4297
81
4214
1087
1963
2435
2173
643
1622
3538
3619
1121
3545
3392
1841
4651
2461
1995
3550
1673
127
4349
3492
4944
1543
4549
718
535
1709
4695
3824
237
625
0
3909
2115
2259
1710
1263
845
530
294
2366
54
4949
4873
2220
513
4178
3789
4178
2779
2156
3545
1824
4820
1116
2872
721
4390
4363
1963
4134
4849
3592
3047
2737
1558
3431
381
4910
484
3299
3965
1194
3726
3777
3799
1048
4185
3006
118
4651
894
4017
2217
2005
3853
2288
4200
3108
3062
1810
4366
2039
1480
2420
1719
1565
4771
398
948
1082
1812
2874
2637
4979
2398
2396
2530
125
2857
1834
1446
3479
435
4812
889
4168
2476
3460
528
1936
1734
2019
694
3211
2808
3753
391
393
3902
4226
2725
2747
3140
955
1309
3851
1070
1434
3858
1297
1529
4339
2227
2308
3238
3641
4561
340
3804
4632
3145
4236
406
848
2979
618
4136
76
938
0
779
2574
3055
1397
3426
533
218
4981
2679
259
4739
186
2469
201
4490
899
3865
3091
2532
3233
1512
132
4197
3184
4593
4078
325
1651
555
464
3904
2266
3050
3755
3118
69
4598
796
1390
3653
1507
3414
911
3487
1360
3873
1683
4571
4964
4419
1297
1905
2317
3541
1976
4512
1580
2750
1497
323
1727
1792
2269
1407
1878
83
4290
3741
770
2124
2439
2325
335
2086
2083
2842
188
2456
2146
3243
1209
4254
125
577
3856
2789
1853
840
2752
3580
2669
3995
2102
3121
3441
4922
4295
1412
4539
2413
1941
3453
1268
4004
4163
757
3255
4170
984
3785
4026
1915
2620
2925
3953
752
27
4117
682
2833
3924
93
1160
2667
931
4449
389
1250
0
4534
2261
3367
1085
1888
220
4905
332
2991
4429
574
4503
2156
4888
198
4414
1448
1597
2781
2081
1199
4556
491
1504
96
3765
4988
3663
242
4224
4217
2579
3362
933
2806
245
716
1109
3924
1661
1819
3101
4402
1827
3328
3560
1370
4258
4725
4732
3392
1592
2371
1773
1663
176
1268
2564
3816
10
1414
2896
3045
3907
2811
4605
3978
3428
4544
2564
2249
2012
4354
3228
1771
3155
501
2769
2542
2930
4104
1060
4564
264
1458
3101
2166
3848
2561
3892
2357
3682
2586
1568
1873
235
3983
3277
150
2100
1629
1236
3421
4317
4476
4556
2942
518
4329
4097
1287
1602
2933
2613
4266
3936
286
572
4007
2481
3611
4781
3528
2354
1243
240
4300
1563
0
154
1949
1321
4229
2801
4908
4593
645
3304
884
4114
4190
3157
425
115
274
1761
1285
3094
2393
887
757
179
3809
4783
1548
301
1026
71
3912
472
2891
1326
4380
2508
4444
3973
1421
4236
1973
2869
2789
4715
2139
3016
1753
3943
1055
589
44
1922
3721
2059
2085
1351
4864
4046
2125
872
4698
1102
2584
3357
782
2498
4293
3665
1885
4856
2252
3064
1700
960
1461
1458
1534
4188
1920
2771
2383
4417
3629
750
4952
3231
3414
2523
1465
2874
796
2044
1631
2727
1255
2816
547
1331
2037
164
1788
1316
923
1893
372
213
4869
2371
206
4642
591
1600
3711
3245
2701
423
3624
4402
4742
3694
2208
3299
4468
1785
2042
1556
74
1014
3126
0
4842
3365
1009
4541
2488
406
721
957
3616
1197
3802
1123
3470
4263
428
39
2073
4029
3406
2706
574
3931
4866
4122
530
3140
613
4288
4617
3599
159
1797
3987
308
2181
870
1341
1734
452
2286
2444
2476
27
2549
2298
2935
4256
3633
4100
357
2234
4034
1746
2603
1038
450
4358
3189
4441
4385
789
2730
1331
4532
2815
3980
1648
2198
169
3062
3377
3614
1272
3853
1146
3780
3875
3394
3084
2305
4729
3316
3939
4639
2083
3726
2210
1778
3186
484
1732
1944
3040
4058
2503
860
3358
2652
4525
1475
1004
4390
2205
59
4900
181
2317
108
4954
4722
1912
4024
3558
1988
4891
3311
4090
4947
3382
1895
2015
4156
2098
1729
1868
386
1326
2188
0
4529
3677
696
147
2825
4283
3968
3731
3929
3492
1512
3565
1219
1050
740
352
2386
660
1282
1983
4739
3619
447
567
843
2828
4075
4600
696
3287
4847
1485
701
5
3133
3819
1653
2955
4861
2403
2244
2164
4661
2237
2610
2378
4568
3321
3787
4332
2547
655
1434
2291
4275
762
330
1500
4754
928
4524
1959
3982
157
3128
1333
1961
2510
481
1627
1312
1075
3416
836
4168
4092
3563
1295
3396
3008
42
1997
3626
4327
2395
962
1898
2090
3499
171
1419
2745
1649
630
2191
1172
1956
2339
4212
1163
4310
4703
2518
4747
413
494
2996
420
4734
35
2225
4336
1131
3326
4798
2999
1224
367
1932
3418
2674
3843
2410
3584
2820
699
1639
2501
0
4217
3990
4617
166
1863
1031
3655
3419
760
1822
3177
3253
906
1363
1053
4337
2303
347
4031
1670
52
3306
760
4747
1155
2486
1238
88
3992
2974
4534
1172
389
4683
1556
3506
3035
2642
4827
2911
1932
1851
652
3077
2078
2691
120
1993
1526
4019
2142
342
3880
3023
4588
1075
18
1187
4935
1241
4837
3355
706
157
1561
1646
2273
2823
4207
1314
4002
4239
3104
4478
521
596
1751
982
1292
1680
4647
2691
1687
987
2293
4351
3416
2598
1190
142
3894
2432
3665
318
1878
3516
2268
2027
1101
4151
4622
15
2171
567
726
806
1692
4268
4422
4654
2464
352
4183
1363
516
2686
3465
4322
2244
3731
2640
3531
2278
1104
2508
3990
3050
2188
0
3904
4302
71
4522
3450
1343
1658
1895
4554
2134
2137
2940
4407
3326
3636
977
1990
4966
4344
3643
364
2994
1072
4942
1468
2203
1551
4776
3680
2662
779
860
4925
4371
1243
3194
2278
2671
4515
1778
1619
1539
965
3389
1766
3003
193
2305
1839
1294
1829
4971
4192
3335
101
3614
296
4126
379
3448
149
3667
394
4532
1248
3043
2586
3135
3895
3999
4314
4551
2210
211
208
284
2063
670
4021
1368
667
2622
3001
3702
3020
337
1273
2715
877
455
4207
2120
1024
4996
3435
3204
2420
1714
3587
538
4935
328
3143
879
1038
1119
1380
3956
892
4341
2850
40
506
1050
828
2627
1849
4009
2444
4043
2049
1783
3035
4209
2195
3677
2264
3125
0
3592
4615
4759
4210
3763
1656
1971
2207
135
2554
2449
2373
4720
3013
3323
1289
3323
279
4656
1045
4324
2681
1385
372
3221
3111
3138
4463
1634
2652
3909
547
4764
943
931
2881
2410
2984
4202
3536
1307
1226
1277
3702
1453
3316
506
2618
2850
3394
1517
284
4505
1353
213
3301
608
562
4310
3135
462
3980
4920
782
4065
2271
2103
1553
3582
4312
4627
137
2522
103
4896
4971
2625
357
4334
1055
4022
2066
2312
1612
1668
4976
960
1973
565
4234
482
3194
4290
308
3748
2891
2108
1402
3275
225
247
640
3455
1192
1351
1431
3934
3643
1204
4029
3162
274
4808
4263
3860
2940
2840
3697
2869
645
3265
2095
3348
479
1883
3365
2576
3438
0
3279
74
4446
3897
926
1968
2283
2520
179
2242
2239
2315
32
2701
3011
3399
1365
591
32
733
4012
2369
3304
684
2908
1578
2176
850
3055
2037
3597
235
550
3746
4383
2432
2098
1705
1111
3848
4007
4087
3411
4014
3860
3628
818
2071
2537
3082
1204
596
4817
3960
4476
2989
4080
250
3997
2178
774
4292
4769
1094
4378
2418
1790
3760
3270
377
4939
4825
2166
415
418
4659
2313
45
355
743
3709
3247
2625
1924
1356
289
648
3340
252
1080
4832
3506
4602
4380
4060
2422
1795
3912
2962
88
4441
4048
3768
1504
3338
1744
755
1670
3484
1285
1526
586
4881
425
3548
1749
2527
3384
3182
333
1424
2593
3660
167
1570
3052
2889
3750
0
2967
240
867
3585
4388
2281
2405
2169
4510
1929
3074
2003
4656
2613
2698
3087
3948
4097
281
4581
3699
2945
2010
997
2405
3736
2513
3838
2259
3277
3284
4922
862
1568
306
2745
3216
1392
1424
4161
682
601
1902
674
4173
3941
3870
1758
2776
2232
4109
909
4871
4273
4163
2325
1233
64
1316
2491
1087
4605
545
3594
311
2896
1478
928
2044
64
4749
4512
1854
4273
4271
655
3001
269
42
430
3397
1441
2064
2237
3958
601
335
3653
61
3609
144
1182
86
4068
628
2735
1483
777
2351
401
4129
1265
4080
1817
3025
2945
4559
3018
3172
1597
3787
899
433
4888
3235
1436
2786
1929
3494
20
3890
2720
1028
4854
1258
2740
1800
938
0
2347
4449
3821
3272
301
2593
2908
3145
804
3384
3387
3311
4344
2076
2615
2774
4261
3785
594
108
3387
1744
2322
3692
2283
953
2200
1475
2430
3589
2029
4610
1175
3121
4993
1944
1473
1080
1736
4473
4632
4712
2215
362
516
748
1443
3555
3089
2544
579
1221
4559
416
1150
2637
3455
376
3372
2803
3602
4917
857
1719
4998
1793
1165
616
2356
249
4437
801
3460
3961
3958
4034
3313
581
4730
118
3084
3872
3250
2549
731
914
23
1036
4627
3296
457
4131
227
1246
4685
1954
3831
4537
2337
713
3816
3423
4393
2129
2288
2632
4871
2706
2859
3091
901
3790
4256
4800
2078
3877
1902
2242
1194
4708
4202
3033
4285
4542
4056
2574
1487
626
0
2342
865
3509
2041
4988
2095
1780
1544
3885
3697
3699
1378
970
1763
2928
2462
428
1529
4095
206
1927
3570
2635
3379
3030
4361
1888
3213
2884
1099
2342
704
1487
2808
320
3370
1160
767
2049
4786
4944
4976
2527
4952
203
4566
3245
1133
1600
2857
267
3467
4246
103
3538
2051
3143
4312
1941
3116
3289
4771
3831
2032
4686
3521
4148
303
2669
562
4124
1114
3772
3648
1355
1280
3626
4107
584
4805
2229
4185
3562
2862
418
1226
291
4278
686
2984
4232
4444
4461
1558
3
3360
4143
152
2976
1026
3504
1890
296
2442
2400
2681
4817
2393
2454
2222
589
3477
1058
513
2610
4190
3411
2447
4119
4395
4515
1656
4598
772
4368
2115
3826
4688
0
2972
1177
3196
2647
325
3218
3533
3770
1429
992
4012
3936
1282
1451
3240
2852
115
1841
3782
4483
2239
3882
2054
1934
3343
4673
3426
2100
3196
787
2347
1016
3201
2496
4368
3682
4153
4546
2640
4903
4744
337
2161
264
4891
123
2068
821
1287
1832
47
1846
3934
4791
1775
3262
2171
1001
2254
1573
2977
542
1482
2657
4373
1168
4461
4991
2981
874
3812
3575
916
1665
1668
3409
1063
3795
4105
4493
2542
504
3875
1827
4895
3462
603
4590
4002
2330
1082
245
852
1871
4691
3672
545
4839
1712
3663
1810
2203
4983
2754
2913
2007
496
2920
2767
2466
276
3165
3631
4175
2298
4502
1277
2867
4432
918
4827
1343
4910
1084
4681
3199
862
1
0
1717
1490
2117
2666
4363
1470
3846
4082
3260
679
4324
4248
1595
3863
3553
1837
4803
2154
3470
4170
2552
4195
1741
2247
1346
15
3738
2413
1492
474
2967
1329
2112
2818
945
3995
535
142
2674
411
569
4351
3152
4424
423
4810
2381
4493
4026
1519
4642
2842
3621
4478
2088
1426
2483
1314
2435
3741
2664
4146
3206
2344
940
855
4773
4678
3294
3814
1502
1739
604
1978
1980
3096
750
1519
3792
821
2854
191
4187
3487
4793
1851
4085
98
1311
2359
1394
4932
3836
2183
623
1016
233
474
1400
1651
2122
2515
330
1934
3226
1695
4192
3233
3079
2154
37
2149
1683
1138
1985
186
965
3179
257
3770
140
1031
4778
3604
4993
1490
550
4688
0
3597
1802
2571
2979
950
1158
4158
606
2054
367
364
440
3094
4175
1136
1524
4490
2535
3157
3858
2137
4507
1429
2559
1033
4703
4051
2725
3821
4839
3279
1641
2576
3130
1258
4307
223
171
2986
4278
4119
962
3465
4112
735
503
2308
4805
4339
3794
672
2530
3309
835
2400
3887
2205
3375
2879
948
2352
3834
2894
2032
1253
4458
86
635
3606
3502
1814
2051
4710
2711
2293
2784
438
1831
3480
1133
3167
4879
501
1202
4481
2837
1228
4786
1624
2046
1707
4620
1477
2505
4066
704
81
4214
3914
3038
2435
2828
4358
1622
1463
3619
3880
3545
1609
1841
350
2461
3006
1451
3328
4874
4349
1509
4944
1543
452
4283
4466
3292
306
1177
237
625
0
3909
2115
2259
1710
3738
4156
530
4707
2635
4947
52
128
2781
513
823
1212
823
2779
2845
3545
1824
4820
1116
2129
4280
4390
4363
3038
867
152
3592
1954
2737
1558
1570
4620
91
4517
1702
1036
3807
3726
3777
3799
3953
816
1995
118
350
894
984
2217
2005
1148
2288
801
1893
1939
1810
4366
2039
3521
2581
1719
3436
230
4603
948
1082
1812
2127
2637
22
2603
2605
2471
4876
2144
1834
1446
1522
435
189
4112
833
2476
3460
4473
1936
1734
2019
694
3211
2808
3753
391
4608
3902
4226
2276
2254
3140
4046
1309
3851
1070
1434
3858
1297
1529
4339
2227
2308
3238
1360
440
340
1197
4632
3145
4236
4595
848
2022
618
4136
76
4063
0
4222
2574
1946
1397
1575
4468
4783
20
2679
259
262
186
2469
4800
511
4102
1136
1910
2469
3233
1512
132
4197
1817
4593
923
325
1651
4446
4537
3904
2266
1951
1246
3118
4932
4598
796
3611
1348
1507
3414
911
1514
3641
3873
1683
4571
37
582
3704
1905
2317
3541
1976
4512
3421
2750
3504
4678
1727
1792
2732
3594
3123
83
4290
3741
770
2877
2439
2676
4666
2915
2083
2159
188
2456
2855
1758
1209
747
4876
4424
3856
2789
1853
840
2249
1421
2332
1006
2102
1880
3441
4922
706
1412
4539
2588
1941
1548
3733
4004
838
4244
3255
4170
4017
1216
975
3086
2381
2925
1048
752
4974
884
682
2168
1077
93
3841
2334
931
552
4612
1250
0
4534
2740
3367
1085
1888
4781
96
4669
2010
572
4427
498
2845
113
198
587
1448
3404
2220
2081
3802
4556
491
1504
96
1236
4988
3663
242
777
4217
2579
1639
933
2806
4756
4285
1109
1077
1661
3182
3101
4402
1827
3328
3560
3631
4258
276
4732
1609
1592
2630
3228
1663
176
3733
2564
3816
4991
1414
2896
3045
1094
2190
4605
3978
3428
457
2437
2249
2989
4354
1773
3230
3155
501
2232
2542
2071
897
3941
437
264
3543
3101
2166
1153
2440
1109
2357
3682
2415
3433
3128
235
1018
1724
150
2901
1629
3765
1580
4317
525
445
2059
518
4329
4097
3714
3399
2933
2613
735
3936
4715
4429
4007
2520
3611
220
1473
2647
1243
240
4300
3438
0
154
1949
3680
4229
2801
4908
408
4356
3304
4117
4114
4190
3157
4576
115
274
1761
3716
1907
2608
4114
757
179
3809
4783
3453
301
1026
71
1089
472
2891
1326
4380
2493
557
1028
1421
765
3028
2132
2789
4715
2862
1985
1753
1058
3946
589
44
3079
3721
2942
2085
1351
4864
4046
2125
872
303
1102
2584
3357
4219
2503
708
1336
1885
145
2749
1937
1700
960
1461
3543
1534
4188
1920
2771
2383
584
1372
4251
49
1770
3414
2523
1465
2874
4205
2957
3370
2274
3746
2185
547
3670
2037
164
3213
3685
923
3108
372
4788
4869
2371
4795
4642
591
1600
1290
1756
2701
4578
3624
599
4742
3694
2793
3299
4468
3216
2959
1556
4927
3987
1875
0
159
3365
1009
4541
2513
4595
4280
4044
1385
3804
3802
1123
3470
4263
428
4962
2928
972
3406
2706
4427
3931
4866
4122
4471
1861
4388
4288
4617
3599
4842
1797
1014
4693
2181
4131
3660
1734
452
2715
2444
2476
27
2452
2298
2066
4256
3633
4100
4644
2767
4034
3255
2398
3963
4551
4358
3189
560
616
789
2730
3670
469
2815
3980
3353
2198
4832
3062
1624
1387
1272
1148
1146
3780
3875
3394
3084
2696
4729
1685
3939
362
2918
3726
2210
1778
1815
4517
3269
1944
3040
943
2498
860
3358
2349
476
3526
3997
4390
2205
4942
4900
4820
2317
4893
4954
4722
1912
977
3558
3013
110
3311
911
4947
3382
3106
2986
845
2903
1729
1868
386
3675
2813
0
4529
3677
4305
147
2176
718
1033
1270
3929
1509
1512
3565
1219
1050
740
352
2386
4341
3719
3018
262
1382
447
567
4158
2173
926
4600
696
3287
154
1485
701
4996
3133
3819
3348
2955
4861
2598
2244
2837
4661
2237
2610
2378
4568
3321
3787
669
2547
655
3567
2710
4275
4239
330
1500
247
4073
4524
1959
1019
157
3128
1333
1961
2510
4520
3374
1312
3926
3416
4165
4168
909
3563
3706
3396
3008
42
3004
3626
674
2606
4039
1898
2090
3499
4830
3582
2256
1649
630
2810
1172
1956
2662
789
1163
691
4703
2518
4747
413
494
2996
4581
4734
4966
2225
665
1131
3326
4798
2999
3777
367
1932
1583
2674
3843
2591
1417
2820
4302
3362
2500
0
4217
3990
384
4835
3138
3970
1346
1582
760
1822
3177
3253
906
1363
1053
4337
2303
347
4031
3331
4949
1695
4241
4747
1155
2515
3763
4913
3992
2974
467
1172
389
318
3445
3506
1966
2642
4827
2911
1932
3150
652
1924
2923
2310
120
3008
1526
982
2142
342
3880
3023
413
3926
18
1187
66
1241
4837
3355
4295
4844
1561
1646
2273
2178
4207
3687
4002
762
3104
4478
521
596
1751
982
1292
1680
4647
2691
3314
4014
2708
650
1585
2598
1190
142
1107
2569
3665
318
3123
3516
2268
2974
3900
4151
379
4986
2171
567
726
4195
1692
733
4422
347
2464
352
4183
3638
4485
2686
1536
679
2757
3731
2640
1470
2723
3897
2508
3990
1951
2813
0
3904
4302
4930
479
1551
3658
1658
1895
4554
2134
2864
2940
594
3326
3636
977
1990
4966
4344
3643
364
2007
3929
4942
1468
2203
3450
225
1321
2339
4222
4141
4925
630
3758
3194
2723
2671
4515
3223
1619
3462
965
1612
1766
1998
193
2696
1839
1294
3172
4971
809
1666
4900
1387
296
4126
4622
3448
149
1334
4607
4532
1248
3043
2415
1866
1106
3999
4314
450
2210
211
208
284
2063
670
4021
1368
667
2379
3001
3702
1981
4664
3728
2715
4124
455
4207
2881
1024
4996
1566
1797
2420
3287
1414
538
66
4673
3143
4122
1038
3882
1380
1045
4109
660
2850
4961
506
3951
828
2627
3152
4009
2444
958
2049
3218
3035
4209
2195
1324
2264
1876
0
3592
4615
242
791
3763
1656
3030
2207
4866
2554
2552
2628
4720
3013
1678
1289
3323
279
4656
3956
677
2320
3616
372
3221
1890
1863
538
3367
2652
1092
4454
4764
4058
4070
2881
2410
2017
799
1465
1307
3775
1277
1299
1453
1685
506
2383
2850
1607
3484
284
496
1353
4788
3301
4393
4439
691
1866
462
1021
4920
782
4065
2730
2898
3448
1419
689
4627
137
2522
103
105
4971
2376
357
4334
1055
4022
2935
2312
1612
1668
25
4041
1973
565
4234
4519
3194
4290
4693
1253
2110
2108
3599
1726
225
247
640
3455
1192
1351
3570
3934
3643
1204
972
3162
4727
4808
738
3860
2061
2161
3697
2132
4356
3265
2906
1653
479
1883
1636
2425
3438
0
1722
74
555
1104
926
1968
2283
2520
179
2242
2239
2315
32
2701
1990
3399
1365
591
32
4268
989
2632
1697
4317
2908
3423
2825
4151
1946
2037
1404
235
550
3746
618
2432
2903
1705
1111
1153
4007
4087
3411
987
1141
1373
818
2930
2537
1919
1204
596
184
3960
525
2012
921
4751
3997
2178
774
709
4769
1094
623
2418
3211
1241
1731
4624
4939
4825
2166
4586
418
342
2313
45
4646
4258
3709
3247
2625
1924
3645
4712
4353
3340
252
1080
4832
1495
399
621
941
2579
3206
1089
2039
88
560
953
3768
3497
3338
3257
755
3331
1517
1285
3475
586
120
4576
3548
3252
2527
3384
1819
333
3577
2408
3660
167
1570
1949
2889
1251
0
2967
4761
4134
1416
613
2281
2405
2169
491
1929
1927
2003
345
2388
2698
3087
3948
4097
4720
420
3699
2056
2991
997
2405
3736
2513
1163
2742
3277
1717
79
4139
3433
306
2745
3216
3609
1424
840
4319
4400
1902
4327
4173
1060
1131
3243
2776
2769
4109
4092
4871
728
838
2676
1233
4937
3685
2491
1087
396
4456
3594
4690
2896
3523
928
2044
64
4749
4512
1854
728
730
655
2000
4732
42
4571
1604
1441
2064
2764
3958
4400
4666
1348
4940
1392
4857
3819
4915
4068
628
2266
3518
777
2650
401
4129
3736
4080
3184
1976
2945
442
1983
1829
3404
1214
4102
433
113
1766
3565
2786
3072
3494
4981
3890
2281
1028
4854
1258
2261
3201
938
0
2347
4449
1180
3272
4700
2408
2908
3145
804
1617
3387
3311
657
2925
2615
2774
4261
3785
594
4893
3387
3257
2679
3692
2718
953
2200
3526
2571
1412
2029
391
1175
1880
4993
1944
1473
3921
1736
528
369
4712
2215
362
4485
4253
3558
3555
1912
2457
4422
3780
4559
416
1150
2364
3455
4625
1629
2803
1399
84
857
1719
3
3208
1165
4385
2356
4752
4437
801
3460
3961
1043
4034
1688
581
271
118
1917
1129
3250
2549
731
4087
23
3965
4627
3296
457
870
4774
1246
4685
3047
1170
4537
2664
713
3816
1578
608
2872
2713
2369
130
2706
2142
3091
4100
3790
745
201
2078
1124
1902
2242
3807
4708
4202
1968
4285
4542
945
2427
3514
626
0
2659
865
1492
2960
4988
2095
3221
1544
1116
1304
1302
1378
4031
1763
2073
2539
4573
1529
4095
206
1927
1431
2366
3379
1971
4361
1888
1788
2117
1099
2342
4297
3514
2193
4681
1631
1160
4234
2049
215
57
25
2474
4952
4798
4566
3245
3868
3401
2144
4734
1534
4246
4898
3538
2051
3143
689
1941
1885
1712
230
3831
2032
4686
1480
4148
4698
2669
562
4124
1114
1229
1353
1355
3721
1375
4107
4417
196
2772
816
3562
2862
418
3775
4710
723
4315
2984
4232
557
540
1558
3
1641
858
152
2976
3975
3504
3111
296
2559
2400
2320
184
2608
2547
2222
4412
3477
1058
513
2391
811
3411
2447
4119
4395
486
3345
4598
772
633
2115
3826
4688
0
2972
1177
3196
2354
325
3218
1468
3770
1429
4009
989
1065
3719
3550
1761
2852
4886
1841
1219
4483
2239
3882
2947
3067
1658
4673
3426
2100
3196
787
2347
3985
1800
2496
633
3682
4153
455
2640
4903
4744
4664
2840
264
110
123
2933
4180
3714
1832
47
3155
3934
210
3226
1739
2830
4000
2254
1573
2024
4459
1482
2657
4373
3833
540
10
2981
874
3812
1426
4085
3336
3333
1592
3938
1206
896
4493
2542
4497
3875
1827
4895
3462
4398
411
4002
2330
1082
245
4149
1871
4691
1329
4456
4839
3289
1338
1810
2798
4983
2247
2088
2007
4505
2920
2234
2535
4725
3165
1370
826
2703
4502
1277
2867
569
918
174
3658
91
3917
320
3199
862
1
0
3284
3511
2117
2666
4363
1470
1155
919
1741
679
677
4248
3406
1138
1448
3164
198
2154
3470
4170
2552
4195
1741
2754
3655
15
3738
2413
1492
474
2967
3672
2889
2818
945
3995
535
142
2674
4590
4432
4351
1849
4424
4578
4810
2620
4493
975
1519
4642
2842
3621
4478
2088
1426
2518
3687
2435
3741
2337
855
3206
2344
4061
4146
4773
4678
3294
1187
1502
3262
4397
3023
3021
1905
4251
3482
1209
4180
2147
191
814
3487
4793
1851
4085
4903
3690
2359
1394
4932
1165
2183
623
3985
4768
474
1400
3350
2122
2486
4671
3067
1775
1695
809
3233
1922
2154
4964
2149
3318
1138
3016
4815
4036
1822
4744
3770
4861
1031
4778
1397
8
3511
550
4688
0
1404
3199
2571
2022
950
3843
843
4395
2947
4634
4637
4561
3094
826
3865
3477
511
2535
3157
3858
2137
4507
1429
2442
3968
4703
4051
2725
3821
162
3279
1641
2425
1871
1258
4307
223
171
2986
4278
882
962
1536
4112
4266
503
2693
4805
662
3794
4329
2471
3309
4166
2601
1114
2796
1626
2879
4053
2649
3834
2894
2032
3748
543
86
4366
3606
3502
3187
2950
291
2290
2708
2217
4563
3170
3480
3868
1834
122
4500
1202
4481
2837
1228
4786
3377
2046
1707
4620
3524
2496
4066
704
4920
4214
3914
1963
2566
2173
643
1622
3538
3619
1121
3545
1609
1841
350
2461
1995
1451
1673
4874
652
3492
4944
3458
4549
4283
4466
3292
4695
1177
237
4376
0
1092
2886
2259
1710
3738
4156
4471
294
2366
54
52
4873
2220
4488
4178
3789
4178
2222
2156
3545
1824
4820
1116
2872
721
611
4363
3038
867
152
1409
1954
2264
3443
1570
381
91
4517
3299
1036
1194
3726
1224
3799
3953
816
3006
118
4651
894
4017
2784
2996
1148
2713
801
3108
1939
3191
635
2962
3521
2581
3282
1565
230
4603
948
3919
3189
2874
2364
4979
2398
2396
2530
4876
2857
3167
3555
3479
4566
4812
4112
833
2476
1541
528
3065
3267
2982
4307
1790
2193
1248
391
4608
1099
4226
2725
2254
1861
955
1309
1150
1070
3567
3858
3704
1529
662
2227
2693
3238
3641
440
4661
3804
4632
1856
765
4595
4153
2979
4383
865
4925
4063
0
779
2427
1946
1397
1575
4468
218
4981
2322
4742
4739
4815
2532
4800
511
4102
1136
3091
2532
1768
3489
132
4197
1817
408
4078
325
1651
4446
464
1097
2735
3050
1246
3118
69
403
4205
1390
1348
3494
3414
4090
1514
3641
1128
3318
4571
4964
582
1297
3096
2684
1460
1976
489
3421
2251
3504
323
3274
3209
2732
3594
3123
4918
4290
3741
4231
2124
2562
2325
335
2086
2918
2159
188
2545
2855
3243
3792
4254
125
4424
1145
2789
3148
4161
2752
3580
2332
1006
2899
3121
1560
4922
706
3589
4539
2413
3060
1548
1268
4004
4163
4244
1746
831
4017
1216
975
3086
2620
2925
3953
4249
27
4117
682
2168
1077
93
3841
2667
4070
552
389
3751
0
467
2740
3367
1085
3113
4781
4905
332
2010
4429
4427
4503
2845
4888
4803
4414
3553
1597
2781
2920
3802
4556
491
3497
4905
3765
13
3663
242
4224
784
2579
1639
4068
2806
245
4285
1109
3924
1661
3182
1900
599
3174
1673
3560
3631
743
4725
4732
3392
1592
2371
1773
1663
4825
3733
2437
1185
10
3587
2896
1956
3907
2190
396
3978
3428
4544
2437
2752
2012
647
3228
3230
1846
4500
2232
2459
2071
897
1060
4564
4737
3543
1900
2166
1153
2440
3892
2644
3682
2415
1568
1873
235
1018
3277
150
2100
3372
3765
1580
4317
525
445
2059
518
4329
904
3714
3399
2068
2613
4266
3936
4715
4429
4007
2481
1390
220
1473
2354
3758
240
701
1563
0
4847
3052
3680
4229
2200
93
4593
4356
1697
4117
887
811
3157
4576
4886
4727
3240
1285
3094
2393
887
4244
179
1192
218
3453
4700
1026
71
3912
4529
2891
3675
621
2493
4444
3973
1421
4236
3028
2132
2789
286
2862
1985
3248
1058
3946
589
44
1922
1280
2059
2916
1351
137
955
2125
4129
4698
3899
2584
1644
4219
2503
708
1336
3116
4856
2252
3064
3301
4041
3540
3543
3467
4188
3081
2230
2618
584
3629
750
49
3231
1587
2523
3536
2127
796
2957
3370
2274
3746
2816
547
3670
2964
164
1788
1316
923
3108
372
4788
132
2371
206
4642
4410
1600
1290
1756
2701
423
1377
599
259
3694
2208
1702
4468
1785
2042
3445
4927
1014
3126
0
159
3365
3992
460
2488
406
4280
957
1385
3804
3802
3878
3470
738
428
4962
2928
4029
1595
2295
574
3931
4866
879
4471
3140
613
4288
4617
1402
159
1797
1014
308
2181
4131
1341
1734
4549
2715
2444
2525
27
2549
2298
2066
4256
1368
4100
4644
2767
4034
1746
2603
3963
4551
643
3189
4441
4385
4212
2730
1331
4532
2186
3980
3353
2803
169
1939
3377
3614
1272
1148
1146
3780
3875
1607
3084
2696
4729
1685
1062
4639
2083
1275
2791
1778
1815
484
1732
1944
3040
4058
2503
860
3358
2349
476
3526
1004
4390
2796
4942
101
181
2317
108
47
279
1912
4024
1443
3013
110
3311
4090
54
3382
1895
2986
845
2098
3272
1868
386
1326
2188
0
4529
3677
4305
4854
2825
4283
1033
3731
3929
1509
1512
3565
1219
3951
740
4649
2615
4341
3719
1983
4739
1382
4554
567
4158
2828
4075
4600
696
1714
4847
1485
4300
5
1868
1182
1653
2955
140
2598
2244
2164
4661
2764
2610
2623
4568
1680
3787
669
2454
655
1434
2710
726
762
330
1500
4754
928
477
3042
3982
4844
3128
1333
3040
2491
481
3374
3689
3926
3416
4165
4168
909
3563
3706
3396
3008
42
3004
1375
674
2395
4039
3103
2090
3499
4830
1419
2256
1649
4371
2191
1172
1956
2339
4212
1163
4310
4703
2483
254
413
4507
2996
420
4734
35
2225
665
1131
1675
4798
2999
1224
4634
3069
3418
2674
3843
2410
1417
2181
4302
3362
2501
0
784
3990
384
4835
1863
1031
1346
1582
760
3179
3177
3253
906
1363
1053
4337
2303
4654
970
1670
52
3306
4241
4747
1155
2486
3763
4913
3992
2027
4534
1172
389
4683
3445
1495
3035
2642
174
2090
3069
1851
652
3077
2923
2691
120
3008
1526
982
2859
342
1121
3023
413
1075
18
3814
4935
3760
164
1646
706
157
1561
1646
2728
2178
794
1314
999
762
3104
4478
521
596
3250
982
1292
1680
4647
2310
3314
4014
2293
4351
1585
2598
1190
4859
1107
2569
3665
4683
1878
1485
2268
2027
3900
4151
4622
4986
2171
4434
726
4195
3309
4268
4422
4654
2464
4649
4183
3638
4485
2686
3465
679
2244
1270
2640
1470
2278
3897
2493
1011
3050
2188
0
3904
4302
71
4522
3450
3658
1658
3106
4554
2134
2864
2940
594
3326
3636
977
1990
35
657
1358
4637
2994
1072
59
1468
2798
3450
225
1321
2339
4222
4141
76
4371
3758
3194
2723
2671
486
1778
1619
1539
965
3389
3235
3003
193
2305
1839
3707
3172
30
809
1666
101
3614
296
875
379
3448
4852
1334
394
469
1248
3043
2586
3135
1106
1002
4314
450
2210
211
208
284
2063
670
4021
1368
4334
2379
2000
1299
1981
337
1273
2715
4124
4546
794
2881
1024
4996
3435
1797
2420
1714
3587
538
66
4673
3143
879
1038
1119
3621
1045
4109
4341
2850
40
506
1050
828
2627
3152
4009
2557
958
2049
3218
1966
792
2806
3677
2737
1876
0
3592
4615
4759
4210
1238
3345
3030
2207
4866
2554
2552
2628
281
3013
1678
1289
1678
4722
4656
1045
4324
2681
1385
4629
3221
1890
3138
4463
3367
2349
1092
4454
4764
943
931
2881
2591
2017
799
3536
1307
1226
3724
3702
1453
1685
4495
2618
2850
3394
3484
4717
496
1353
213
1700
4393
4439
691
1866
4539
3980
81
4219
936
2730
2103
1553
1419
4312
4627
4864
2522
103
105
4971
2376
4644
667
1055
4022
2935
2312
3389
3333
4976
960
3028
565
767
4519
1807
711
4693
1253
2110
2108
3599
3275
4776
4754
4361
3455
3809
1351
1431
1067
1358
3797
4029
3162
274
4808
4263
3860
2061
2161
3697
2869
4356
3265
2906
1653
479
3118
3365
2425
1563
0
1722
74
4446
3897
4075
3033
2283
2520
179
2242
2762
2315
4969
2701
1990
3399
1365
591
32
4268
989
2369
3304
4317
2908
3423
2176
4151
1946
2037
1404
4766
4451
1255
4383
2432
2903
3296
1111
3848
4007
914
1590
987
1141
1373
4183
2071
2464
3082
1204
4405
184
3960
4476
2012
921
250
1004
2178
4227
4292
232
3907
623
2418
1790
3760
1731
4624
4939
4825
2835
4586
4583
342
2688
45
355
4258
3709
3247
2376
3077
3645
289
648
1661
4749
1080
169
3506
4602
621
941
2579
3206
1089
2962
88
560
953
3768
1504
1663
3257
4246
3331
3484
3716
3475
4415
120
425
3548
1749
2527
3384
3182
4668
3577
2408
1341
167
3431
3052
2889
1251
0
2034
4761
867
3585
613
2720
2405
2169
491
3072
1927
2998
345
2388
2303
3087
1053
4097
4720
420
1302
2945
2010
4004
2405
3736
2488
1163
2742
3277
1717
4922
4139
3433
4695
2256
1785
3609
1424
4161
4319
4400
3099
674
828
3941
3870
1758
2225
2232
4109
4092
4871
728
4163
2676
1233
64
3685
2491
3914
4605
4456
3594
4690
2105
1478
4073
2044
64
4749
4512
3147
728
4271
4346
3001
4732
4959
4571
1604
1441
2064
2764
1043
4400
335
1348
4940
1392
4857
1182
86
4068
628
2735
3518
777
2351
401
872
1265
4080
1817
1976
2056
442
3018
1829
3404
3787
4102
4568
4888
1766
3565
2786
3072
1507
4981
1111
2720
3973
4854
3743
2740
3201
4063
0
2654
552
1180
1729
4700
2408
2093
3145
4197
1617
1614
1690
657
2925
2386
2774
740
1216
4407
4893
3387
1744
2322
1309
2283
953
2801
1475
2571
1412
2972
4610
3826
1880
8
3057
1473
1080
3265
528
369
289
2786
4639
516
4253
1443
1446
1912
2544
4422
1221
4559
416
3851
2364
1546
376
1629
2803
3602
4917
4144
1719
4998
1793
3836
4385
2356
4752
564
801
1541
1040
3958
967
3313
4420
4730
118
1917
1129
1751
2452
731
4087
4978
1036
374
3296
457
4131
227
1246
4685
1954
1170
464
2337
4288
3816
3423
608
2129
2288
2369
4871
2706
2142
1910
901
1211
745
4800
2923
3877
1902
2242
1194
4708
799
3033
4285
459
4056
2574
3514
626
0
2659
4136
1492
2960
4988
2095
3221
3457
1116
1304
1302
3623
970
3238
2928
2539
4573
3472
4095
4795
3074
3570
2635
1622
3030
4361
1888
3213
2117
1099
2342
704
3514
2193
320
1631
3841
767
2952
215
57
25
2474
4952
203
435
1756
3868
3401
2144
4734
3467
4246
4898
1463
2051
1858
4312
1941
1885
3289
4771
3831
2032
315
1480
853
4698
2669
562
877
3887
1229
1353
3646
3721
3626
894
4417
196
2772
816
3562
2862
418
3775
4710
4278
686
2984
769
4444
4461
1558
4998
3360
858
152
2025
3975
3504
1890
4705
2559
2601
2320
184
2608
2454
2779
589
3477
3943
4488
2391
4190
3411
2554
882
4395
4515
1656
4598
772
4368
2886
3826
313
0
2029
3824
1805
2354
325
3218
1468
1231
3572
4009
4012
3936
1282
1451
3240
2149
115
1841
1219
4483
2239
1119
2947
1934
3343
328
3426
2901
1805
787
2347
1016
3201
2496
633
1319
4153
4546
2361
98
257
4664
2840
4737
4891
4878
2068
4180
1287
3169
4954
1846
3934
210
3226
1739
2830
1001
2254
3428
2977
542
1482
2657
628
1168
540
10
2981
874
1189
1426
4085
1665
1668
3409
3938
3795
4105
508
2459
4497
1126
1827
4895
1539
4398
4590
999
2330
1082
4756
852
1871
4691
3672
4456
4839
3289
1338
1810
2203
18
2247
2913
2994
496
2920
2767
2535
276
1836
3631
826
2703
499
1277
2134
569
918
4827
1343
91
3917
4681
1802
862
1
0
1717
1490
2884
2335
4363
1470
3846
919
3260
4322
4324
753
1595
3863
3553
3164
198
2847
1531
4170
2449
4195
3260
2247
1346
4986
3738
2588
3509
4527
2034
1329
2112
2818
4056
1006
4466
4859
2327
4590
569
4351
3152
4424
4578
4810
2381
4493
4026
3482
359
2159
3621
523
2913
1426
2483
3687
2435
1260
2664
4146
3206
2657
940
855
228
323
3294
1187
3499
3262
604
1978
1980
3096
750
1519
3792
4180
2854
4810
4187
3487
208
1851
4085
98
1311
2359
1394
69
3836
2183
623
3985
233
474
3601
3350
2879
2486
4671
3067
3226
1695
4192
3233
3079
2154
37
2852
1683
3863
1985
186
4036
3179
4744
3770
140
3970
223
1397
8
3511
550
313
0
3597
1802
2571
2022
950
3843
843
606
2054
367
4637
440
1907
4175
1136
1524
4490
2466
1844
3858
2137
4507
1429
2559
1033
4703
4051
2276
1180
162
3279
3360
2576
1871
3743
694
223
4830
2015
4278
4119
4039
3465
4112
735
503
2308
4805
4339
1207
672
2530
3309
835
2601
1114
2205
1626
2879
4053
2649
1167
2107
2032
1253
4458
86
4366
3606
3502
1814
2950
4710
2711
2293
2784
438
1831
1521
1133
3167
4879
501
1202
4481
2837
1228
215
1624
2955
1707
381
1477
2496
935
4297
81
4214
3914
3038
2566
2173
643
1622
3538
3619
1121
3545
3392
1841
4651
2461
3006
1451
3328
127
652
3492
57
3458
452
718
4466
1709
4695
1177
237
4376
0
3909
2115
2259
1710
1263
4156
530
4707
2635
4947
4949
4873
2220
513
4178
1212
823
2779
2845
1456
3177
4820
1116
2872
4280
611
638
3038
4134
4849
1409
3047
2737
3443
1570
4620
4910
484
1702
1036
3807
3726
1224
1202
1048
816
3006
118
350
894
984
2217
2996
3853
2713
801
3108
3062
3191
4366
2962
3521
2581
1719
3436
4771
4603
948
3919
3189
2127
2637
22
2603
2396
2471
125
2144
3167
1446
1522
435
189
889
4168
2476
1541
528
1936
1734
2982
4307
1790
2808
1248
4610
393
1099
4226
2276
2747
1861
4046
3692
3851
1070
1434
3858
3704
3472
4339
2227
2308
3238
1360
4561
4661
1197
4632
1856
4236
4595
4153
2022
4383
865
4925
938
0
779
2574
1946
1397
3426
533
4783
20
2679
259
4739
186
2532
201
4490
899
3865
1910
2469
1768
3489
132
4197
3184
4593
4078
4676
1651
555
464
1097
2735
3050
3755
3118
4932
403
4205
3611
1348
1507
3414
4090
1514
1360
1128
3318
4571
4964
582
3704
3096
2684
3541
1976
489
1580
2251
1497
4678
3274
3209
2269
1407
1878
83
4290
1260
4231
2124
2439
2676
4666
2086
2918
2842
4813
2456
2855
3243
1209
747
4876
577
1145
2789
3148
4161
2752
3580
2669
1006
2899
1880
1560
79
4295
3589
4539
2588
3060
3453
3733
997
4163
4244
1746
831
4017
1216
4026
3086
2620
2925
1048
4249
27
884
682
2833
3924
4908
1160
2334
4070
552
389
1250
0
467
2261
3367
3916
1888
220
96
4669
2991
4429
574
4503
2845
4888
4803
587
1448
3404
2220
2920
1199
4556
491
3497
96
1236
4988
3663
4759
4224
784
2579
3362
4068
2806
4756
716
3892
1077
1661
1819
1900
599
3174
1673
1441
3631
743
4725
4732
1609
3409
2371
1773
1663
4825
1268
2437
1185
4991
3587
2896
3045
1094
2811
396
3978
3428
4544
2564
2249
2989
647
3228
3230
1846
4500
2769
2459
2930
4104
3941
437
264
1458
1900
2166
3848
2561
1109
2357
3682
2415
3433
1873
235
3983
3277
150
2901
1629
3765
3421
4317
4476
445
2059
4483
4329
904
3714
3399
2068
2613
4266
1065
286
572
4007
2481
1390
220
3528
2647
3758
240
4300
3438
0
4847
3052
3680
4229
2801
4908
408
645
1697
884
887
811
1844
425
4886
274
3240
3716
3094
2608
4114
4244
4822
1192
218
1548
301
1026
4930
1089
472
2891
3675
4380
2493
4444
1028
1421
4236
3028
2869
2212
286
2139
1985
3248
1058
3946
4412
44
1922
1280
2942
2085
1351
4864
955
2125
872
303
3899
2584
3357
782
2503
708
1336
3116
145
2749
3064
1700
4041
3540
3543
3467
4188
3081
2230
2383
4417
3629
750
4952
1770
1587
2523
3536
2127
4205
2044
3370
2274
1255
2816
547
1331
2037
4837
1788
3685
923
1893
372
4788
132
2371
206
4642
591
1600
3711
3245
2701
423
1377
4402
4742
1307
2208
1702
4468
3216
2959
3445
4927
3987
1875
0
4842
1636
3992
460
2513
406
721
957
1385
1197
3802
3878
1531
738
428
39
2928
972
3406
2706
4427
1070
135
879
4471
1861
4388
4288
4617
3599
4842
1797
1014
4693
2820
870
3660
1734
452
2715
2557
2525
27
2549
2298
2935
745
1368
901
4644
2234
4034
3255
2603
1038
450
643
3189
560
4385
4212
2271
3670
4532
2186
3980
1648
2803
4832
3062
3377
1387
3729
3853
1146
1221
3875
1607
3084
2305
272
3316
3939
362
2918
1275
2791
1778
1815
4517
3269
1944
3040
943
2498
860
1643
2652
4525
1475
3997
4390
2205
4942
101
181
2317
4893
47
4722
1912
4024
1443
1988
4891
3311
911
54
1619
3106
2986
845
2903
1729
1868
386
1326
2813
0
472
1324
696
4854
2176
718
3968
3731
1072
3492
1512
3565
1219
3951
740
4649
2615
660
1282
3018
262
3619
4554
567
4158
2173
926
4600
696
3287
154
3516
4300
4996
1868
1182
3348
2046
140
2403
2757
2164
4661
2237
2610
2378
4568
3321
3787
4332
2454
655
3567
2291
726
4239
330
3501
247
928
477
3042
1019
157
1873
1333
3040
2491
4520
1627
3689
1075
3416
4165
4168
909
3563
3706
3396
1993
4959
1997
1375
4327
2606
962
3103
2090
1502
171
3582
2256
1649
630
2810
3829
1956
2662
4212
3838
691
298
2483
254
413
494
2996
420
4734
4966
2225
4336
1131
1675
203
2999
1224
4634
3069
1583
2674
1158
2591
3584
2181
4302
1639
2500
0
784
3990
4617
166
3138
3970
1346
3419
760
3179
3177
1748
906
1363
1053
664
2303
4654
970
3331
4949
3306
760
4747
1155
2486
1238
4913
3992
2974
467
1172
389
318
1556
1495
1966
2642
174
2090
3069
1851
652
1924
2923
2310
120
1993
1526
4019
2859
342
3880
1978
4588
3926
18
3814
66
3760
164
1646
4295
157
1561
1646
2273
2823
4207
1314
999
4239
3104
4478
521
596
3250
982
1292
1680
4647
2310
3314
987
2293
4351
3416
2598
1190
142
3894
2432
1336
318
3123
1485
2268
2027
1101
850
379
4986
2830
567
726
806
3309
733
4422
347
2464
352
4183
1363
4485
2315
3465
679
2757
3731
2640
1470
2278
1104
2493
1011
1951
2188
0
3904
4302
71
479
1551
1343
1658
3106
4554
2134
2864
2940
594
3326
3636
4024
1990
35
657
3643
364
2007
3929
59
1468
2203
1551
4776
1321
2662
779
860
76
4371
1243
1807
2278
2671
486
1778
1619
3462
965
1612
3235
1998
4808
2696
1839
1294
3172
30
4192
1666
4900
3614
296
875
4622
1553
4852
3667
4607
4532
1248
3043
2415
1866
3895
3999
4314
450
2210
211
4793
284
2938
670
4021
1368
4334
2379
2000
3702
3020
337
1273
2715
4124
4546
4207
2120
3977
5
1566
3204
2420
3287
1414
538
4935
4673
1858
879
1038
3882
3621
3956
4109
660
2850
4961
4495
1050
828
2374
1849
4009
2444
4043
2952
1783
3035
792
2806
3677
2264
3125
0
3592
386
4759
791
3763
1656
3030
2207
4866
2554
2552
2628
281
3013
1678
1289
1678
4722
4656
1045
4324
2320
3616
4629
3221
3111
3138
4463
3367
2349
3909
547
4764
943
4070
2881
2591
2017
799
3536
3694
3775
3724
1299
3548
3316
4495
2383
2151
1607
3484
4717
4505
1353
4788
3301
4393
562
4310
1866
4539
3980
4920
4219
936
2730
2898
3448
3582
4312
4627
4864
2479
4898
105
30
2625
4644
667
1055
979
2935
2312
3389
3333
4976
4041
3028
565
767
482
3194
711
4693
3748
2891
2108
1402
1726
4776
4754
4361
3455
1192
1351
3570
1067
3643
3797
972
1839
4727
4808
4263
3860
2940
2840
3697
2132
645
1736
2095
3348
479
3118
1636
2576
1563
0
1722
4927
555
1104
4075
3033
2283
2520
4822
2242
2762
2315
4969
2701
3011
3399
1365
591
32
733
4012
2632
1697
684
2093
1578
2176
850
3055
2964
3597
4766
4451
1255
618
2432
2098
3296
1111
1153
994
4087
1590
4014
3860
3628
4183
2930
2464
1919
1204
4405
4817
3960
525
2989
921
250
1004
2178
4227
709
232
3907
623
2583
3211
1241
3270
377
4939
4825
2835
4586
418
342
2313
4956
355
4258
1292
3247
2376
3077
1356
4712
4353
1661
4749
3921
169
1495
4602
621
4060
2422
3206
3912
2039
88
4441
4048
3768
3497
1663
1744
4246
1670
3484
1285
1526
586
120
4576
3548
1749
2474
3384
1819
4668
3577
2593
1341
167
1570
1949
2112
1251
0
2034
240
4134
1416
613
2720
2405
2169
491
3072
3074
2998
4656
2388
2303
1914
1053
4097
4720
420
1302
2056
2991
4004
2596
3736
2488
3838
2259
3277
3284
4922
862
1568
306
2256
1785
1392
3577
840
682
601
1902
674
4173
3941
3870
1758
2225
2769
4109
909
4871
728
838
2325
3768
4937
1316
2491
1087
396
4456
3594
311
2105
3523
928
2044
4937
4749
4512
3147
728
4271
4346
2000
269
42
4571
3397
1441
2064
2764
1043
601
4666
3653
61
1392
4857
3819
86
4068
4373
2735
1483
4224
2650
4600
872
1265
4080
1817
3025
2945
4559
3018
3172
1597
3787
899
4568
113
1766
1436
2215
3072
3494
20
1111
2281
3973
4854
1258
2261
3201
4063
0
2654
552
3821
3272
4700
2408
2093
3145
4197
3384
3387
1690
4344
2076
2615
2227
4261
1216
4407
4893
3387
1744
2322
1309
2283
953
2801
3526
2430
1412
2972
4610
3826
1880
4993
3057
1473
1080
3265
4473
4632
289
2215
4639
4485
748
1443
3555
3089
2457
4422
3780
4559
4585
1150
2364
1546
4625
1629
2803
1399
84
4144
1719
4998
1793
1165
616
2356
4752
564
801
3460
1040
3958
967
1688
4420
271
4883
3084
1129
1751
2452
731
914
23
3965
4627
3296
4544
870
4774
1246
4685
3047
3831
464
2337
4288
3816
1578
608
2872
2288
2632
4871
2295
2859
1910
901
1211
4256
201
2923
1124
1902
2759
1194
293
799
1968
4285
459
945
2574
3514
626
0
2342
865
3509
2041
4988
2095
3221
3457
3885
3697
3699
1378
4031
3238
2073
2462
428
3472
906
4795
3074
3570
2635
3379
3030
4361
1888
1788
2884
1099
2342
4297
1487
2193
320
3370
3841
767
2952
4786
4944
4976
2527
49
4798
435
3245
1133
1600
2857
4734
1534
4246
4898
1463
2950
3143
689
1941
1885
1712
230
3831
2032
4686
3521
4148
303
2669
562
877
3887
3772
3648
1355
1280
1375
4107
584
4805
2229
816
1439
2862
4583
1226
291
4278
686
2984
769
557
540
1558
4998
1641
4143
4849
2025
1026
3504
3111
4705
2442
2400
2681
4817
2608
2547
2779
4412
1524
1058
513
2610
811
3411
2554
882
4395
4515
1656
4598
772
633
2115
3826
313
0
2972
1177
1805
2647
325
3218
1468
1231
1429
992
989
3936
3719
3550
1761
2149
4886
3160
3782
4483
2239
1119
2054
1934
1658
328
3426
2100
3196
4214
2347
3985
1800
2496
4368
1319
4153
455
2361
98
4744
4664
2161
4737
110
4878
2933
4180
1287
3169
4954
3155
3934
4791
1775
1739
2171
4000
2254
3428
2024
542
1482
2657
4373
3833
4461
4991
2981
874
1189
3575
916
1665
3333
1592
1063
1206
896
4493
2542
504
1126
1827
4895
1539
603
411
4002
2330
1082
245
4149
3130
4691
1329
545
4839
1712
3663
1810
2798
18
2754
2913
2994
4505
2920
2234
2535
4725
1836
1370
4175
2298
4502
1277
2867
4432
918
4827
1343
91
1084
4681
3199
862
5000
0
3284
3511
2884
2335
4363
1470
3846
4082
1741
679
677
4248
3406
1138
1448
1837
4803
2847
3470
4170
2449
806
3260
2754
3655
4986
3738
2413
1492
4527
2034
3672
2889
2818
4056
3995
4466
142
2327
411
4432
4351
1849
4424
423
4810
2620
508
975
3482
4642
2842
3621
4478
2913
1426
2518
1314
2435
1260
2664
4146
3206
2657
4061
4146
228
323
3294
1187
3499
1739
4397
3023
3021
1905
750
3482
1209
821
2147
191
4187
3487
208
3150
916
4903
3690
2642
1394
69
1165
2818
623
1016
4768
474
3601
1651
2879
2515
330
3067
1775
3306
4192
3233
1922
2154
4964
2852
3318
3863
1985
186
4036
1822
4744
3770
4861
1031
223
3604
4993
1490
4451
313
0
1404
3199
2430
2022
4051
3843
4158
606
2947
367
364
4561
3094
826
3865
3477
511
2535
3157
1143
2137
4507
1429
2442
3968
298
4051
2276
3821
4839
3279
1641
2425
1871
3743
4307
223
171
2986
723
882
4039
1536
4112
735
503
2693
4805
662
1207
672
2530
3309
4166
2601
1114
2796
3375
2122
948
2352
1167
2107
2969
3748
543
86
4366
1395
1499
1814
2051
291
2290
2708
2217
438
3170
3480
3868
1834
4879
4500
3799
520
2837
3773
4786
1624
2955
3294
381
1477
2505
935
4297
4920
787
3914
3038
2435
2828
4358
3379
1463
3619
3880
3545
1609
1841
350
2461
1995
3550
3328
127
652
1509
57
3458
4549
718
535
1709
306
3824
4764
625
0
1092
2886
2259
1710
1263
845
4471
4707
2635
54
52
128
2781
4488
823
3789
823
2222
2845
1456
3177
4820
1116
2129
721
4390
638
1963
867
152
1409
3047
2264
3443
1570
381
4910
4517
3299
1036
1194
3726
3777
1202
1048
816
1995
118
4651
894
4017
2217
2005
1148
2713
4200
1893
3062
1810
4366
2039
1480
2420
1719
3436
230
4603
948
1082
3189
2874
2364
4979
2398
2605
2530
125
2144
1834
3555
1522
4566
4812
889
4168
2476
1541
4473
3065
1734
2019
4307
3211
2808
3753
4610
4608
1099
4226
2725
2747
3140
955
3692
1150
3931
1434
3858
1297
3472
4339
2227
2693
3238
3641
4561
340
3804
369
1856
765
406
848
2022
618
865
76
938
0
4222
2574
1946
1397
3426
533
218
4981
2322
4742
262
4815
2469
4800
4490
4102
1136
3091
2532
3233
1512
132
4197
1817
4593
923
4676
3350
555
4537
3904
2735
1951
3755
3118
69
4598
796
1390
1348
3494
3414
911
1514
1360
1128
1683
4571
37
582
1297
1905
2317
1460
1976
4512
3421
2251
1497
4678
1727
3209
2269
3594
3123
83
4290
1260
770
2877
2562
2325
4666
2915
2918
2159
4813
2456
2146
1758
1209
4254
125
577
3856
2212
3148
840
2249
1421
2669
1006
2102
3121
3441
79
706
1412
4539
2413
1941
3453
1268
997
838
4244
3255
831
984
3785
4026
3086
2381
2925
3953
752
4974
4117
682
2833
1077
4908
3841
2334
4070
552
4612
3751
0
4534
2261
3367
3916
1888
4781
96
332
2010
572
574
498
2156
113
198
587
1448
1597
2781
2081
3802
445
491
1504
96
1236
4988
3663
4759
777
4217
2422
3362
933
2806
4756
4285
3892
3924
1661
1819
1900
599
3174
1673
1441
1370
743
276
269
3392
3409
2630
3228
3338
176
1268
2437
3816
10
3587
2896
3045
1094
2811
4605
1023
3428
457
2437
2752
2012
4354
1773
1771
3155
4500
2769
2459
2071
4104
1060
4564
264
3543
1900
2166
3848
2561
3892
2357
3682
2415
1568
3128
235
3983
1724
150
2100
3372
1236
1580
4317
4476
4556
2942
4483
672
4097
1287
1602
2933
2613
735
1065
4715
4429
4007
2520
3611
220
1473
2354
3758
240
4300
1563
0
154
3052
3680
4229
2200
93
408
4356
3304
884
887
4190
1844
425
4886
274
3240
3716
1907
2608
4114
4244
4822
1192
4783
3453
4700
1026
4930
3912
4529
2891
1326
4380
2493
557
1028
3580
765
3028
2869
2212
286
2862
1985
1753
1058
1055
4412
4957
3079
1280
2942
2085
1351
4864
4046
2125
4129
4698
3899
2584
1644
4219
2498
4293
1336
3116
145
2252
1937
3301
4041
1461
3543
3467
4188
1920
2230
2383
4417
1372
4251
49
1770
1587
2478
3536
2127
796
2957
3370
2274
3746
2185
4454
1331
2964
4837
3213
3685
923
3108
4629
213
4869
2371
4795
359
591
3401
3711
3245
2300
4578
1377
599
4742
1307
2793
3299
4468
3216
2042
3445
4927
1014
3126
0
4842
1636
3992
4541
2488
4595
4280
4044
3616
1197
1199
3878
1531
738
428
39
2073
972
3406
2295
574
1070
135
879
530
3140
4388
713
4617
1402
159
1797
3987
308
2820
870
1341
1734
452
2715
2557
2476
27
2452
2298
2935
745
3633
901
4644
2767
4034
1746
2398
1038
4551
643
3189
4441
616
4212
2271
1331
469
2186
1021
1648
2803
169
1939
1624
1387
3729
3853
3855
1221
3875
1607
3084
2305
272
1685
3939
4639
2083
1275
2210
1778
3186
484
1732
3057
3040
4058
2503
4141
1643
2349
4525
1475
1004
4390
2205
59
101
4820
2317
4893
47
279
1912
977
1443
1988
110
1690
4090
4947
1619
3106
2986
845
2098
3272
1868
386
3675
2188
0
472
1324
696
147
2825
4283
1033
1270
1072
3492
3489
1436
1219
3951
740
352
2615
660
1282
1983
4739
3619
447
567
4158
2173
4075
401
696
3287
4847
3516
4300
4996
3133
3819
1653
2046
4861
2403
2757
2837
4661
2764
2610
2623
4568
3321
1214
4332
2547
655
1434
2291
4275
762
4671
3501
4754
4073
477
3042
3982
4844
1873
1333
1961
2510
481
3374
1312
1075
1585
836
4168
909
3563
3706
3396
1993
4959
1997
3626
674
2395
962
1898
2090
1502
4830
1419
2745
3352
630
2191
3829
1956
2339
789
3838
4310
298
2518
4747
413
4507
2996
4581
267
35
2225
665
1131
3326
203
2999
3777
4634
1932
3418
2674
1158
2410
1417
2181
699
3362
2500
0
784
3990
4617
4835
1863
1031
3655
3419
760
3179
3177
1748
906
1363
1053
664
2303
347
970
1670
4949
1695
4241
4747
1155
2515
3763
88
3992
2974
4534
3829
389
4683
1556
1495
1966
2642
4827
2911
3069
3150
652
3077
2923
2691
120
3008
1526
4019
2859
342
1121
1978
4588
1075
18
3814
4935
1241
164
1646
706
4844
1561
1646
2273
2178
794
3687
999
4239
3104
4478
4480
596
3250
982
1292
3321
354
2310
1687
4014
2708
650
1585
2403
1190
142
1107
2432
1336
318
1878
1485
2268
2974
3900
850
379
4986
2830
567
726
4195
3309
4268
579
4654
2537
4649
4183
3638
516
2315
1536
679
2757
1270
2640
3531
2723
1104
2493
3990
3050
2813
0
3904
4302
4930
479
1551
3658
3343
1895
4554
2134
2864
2940
594
3326
1365
4024
1990
35
657
1358
4637
2007
3929
59
1468
2203
3450
4776
3680
2662
4222
860
76
630
3758
1807
2723
2330
486
3223
1619
1539
4036
3389
3235
3003
4808
2305
1839
1294
3172
30
809
1666
4900
1387
4705
875
4622
1553
4852
3667
4607
4532
1248
1958
2415
3135
1106
3999
687
4551
2210
211
4793
284
2938
670
980
1368
4334
2622
2000
1299
1981
4664
3728
2715
4124
455
794
2881
3977
5
1566
3204
2420
3287
1414
538
66
328
1858
4122
1038
1119
3621
1045
892
4341
2151
4961
4495
3951
4173
2374
3152
992
2557
958
2952
1783
1966
792
2195
1324
2264
3125
0
3592
386
242
791
3763
1656
3030
2794
4866
2554
2449
2628
4720
3013
3323
1289
1678
4722
4656
3956
677
2681
3616
4629
1780
3111
1863
538
1634
2349
1092
547
4764
4058
931
2881
2410
2984
799
1465
3694
1226
3724
3702
3548
1685
506
2618
2151
1607
3484
4717
4505
3648
213
3301
4393
562
4310
3135
462
1021
4920
782
936
2271
2103
1553
3582
689
4627
4864
2479
4898
4896
30
2625
4644
667
1055
979
2935
2312
1612
1668
25
960
3028
4436
4234
482
3194
4290
308
3748
2891
2108
3599
1726
4776
247
640
3455
3809
3650
1431
1067
1358
1204
972
1839
274
193
738
3860
2940
2840
3697
2869
4356
1736
2906
3348
4522
1883
1636
2425
1563
0
1722
4927
4446
3897
926
1968
2283
2520
4822
2242
2239
2686
32
2300
3011
3399
3636
591
32
733
4012
2369
3304
684
2093
1578
2825
4151
3055
2964
3597
235
4451
3746
4383
2432
2098
1705
1111
3848
994
914
3411
987
3860
1373
818
2071
2464
3082
1204
596
4817
3960
4476
2989
4080
4751
3997
2823
774
4292
4769
3907
4378
2583
1790
3760
3270
377
4939
4825
2835
4586
418
4659
2313
4956
4646
4258
1292
3247
2376
1924
1356
289
648
3340
4749
3921
4832
3506
399
621
4060
2579
1795
3912
2962
88
4441
953
3768
1504
1663
3257
755
3331
1517
1285
1526
4415
4881
425
3548
3252
2474
3384
3182
333
1424
2408
1341
167
1570
3052
2112
1251
0
2034
240
867
3585
4388
2720
2405
2169
4510
3072
3074
2003
345
2613
2698
1914
1053
4097
4720
4581
1302
2945
2010
997
2596
1265
2513
1163
2742
3277
3284
79
862
1568
4695
2256
1785
3609
3577
4161
682
4400
1902
4327
4173
1060
1131
3243
2776
2232
4109
4092
130
728
4163
2325
3768
64
1316
2491
1087
4605
545
1407
311
2896
1478
4073
2957
4937
4749
4512
1854
4273
730
655
2000
269
42
430
3397
1441
2937
2764
1043
4400
335
3653
61
1392
144
1182
4915
4068
4373
2266
1483
4224
2351
4600
872
3736
4080
3184
3025
2945
442
1983
1829
1597
1214
899
433
4888
1766
3565
2215
3072
1507
20
3890
2720
3973
4854
3743
2740
3201
4063
0
2347
4449
1180
1729
4700
2408
2093
3145
804
3384
3387
3311
657
2076
2615
2227
4261
1216
4407
4893
1614
3257
2679
3692
2718
4048
2801
1475
2571
1412
2972
391
1175
3121
8
3057
3528
3921
3265
528
4632
4712
2215
4639
516
748
3558
3555
3089
2544
4422
1221
4559
4585
3851
2637
3455
376
1629
2803
3602
4917
4144
1719
3
3208
3836
4385
2356
4752
564
4200
3460
3961
1043
4034
1688
581
4730
4883
1917
1129
1751
2452
731
4087
23
3965
4627
3296
4544
870
227
1246
316
1954
3831
464
2664
4288
3816
1578
4393
2129
2713
2632
130
2295
2142
3091
4100
3790
745
201
2923
3877
3099
2759
3807
293
4202
3033
4285
459
4056
2427
3514
626
0
2659
4136
1492
2041
4988
2906
1780
3457
1116
3697
1302
1378
970
1763
2073
2462
4573
3472
906
4795
3074
1431
2366
1622
1971
4361
1888
3213
2117
1099
2342
704
3514
2193
4681
3370
3841
4234
2952
215
57
4976
2474
49
203
435
1756
1133
3401
2144
267
3467
4246
103
3538
2950
3143
4312
1941
1885
3289
230
3831
2032
4686
1480
4148
4698
2669
562
4124
3887
1229
3648
3646
3721
3626
4107
4417
4805
2772
4185
1439
2862
4583
3775
291
723
4315
2984
769
4444
4461
3443
4998
3360
858
4849
2976
1026
3504
1890
4705
2559
2601
2681
184
2393
2454
2779
589
1524
3943
513
2610
4190
3411
2447
4119
4395
486
3345
4598
4229
4368
2886
3826
313
0
2029
3824
3196
2647
325
3218
3533
3770
3572
4009
4012
1065
1282
3550
3240
2852
4886
3160
3782
4483
2239
3882
2054
3067
1658
328
3426
2901
1805
4214
2347
3985
3201
2496
4368
3682
4153
4546
2640
4903
257
337
2840
4737
4891
4878
2068
821
3714
1832
47
1846
3934
4791
1775
1739
2830
4000
2254
3428
2977
4459
1482
2657
628
1168
4461
4991
2981
874
3812
3575
4085
3336
1668
3409
3938
3795
896
508
2459
504
3875
1827
4895
3462
603
4590
999
2330
1082
245
852
3130
4691
1329
4456
4839
1712
3663
1810
2203
4983
2754
2088
2994
496
2081
2767
2535
276
1836
3631
4175
2298
499
1277
2867
4432
918
174
3658
91
1084
320
3199
862
5000
0
1717
1490
2117
2335
638
1470
1155
4082
3260
4322
4324
753
1595
3863
3553
3164
198
2154
3470
4170
2449
806
3260
2247
1346
4986
3738
2413
3509
4527
2034
3672
2889
2183
945
3995
4466
4859
2674
411
569
650
3152
4424
4578
4810
2381
508
4026
1519
4642
2159
3621
4478
2088
3575
2483
3687
2435
3741
2337
855
3206
2657
940
855
4773
323
1707
1187
1502
1739
604
3023
1980
3096
4251
1519
3792
4180
2854
191
814
3487
208
3150
916
98
1311
2642
1394
4932
1165
2818
4378
3985
233
474
3601
3350
2879
2486
4671
1934
3226
3306
809
3233
3079
2154
37
2852
1683
3863
3016
4815
4036
1822
257
3770
140
1031
223
3604
8
1490
4451
313
0
3597
1802
2430
2979
4051
3843
843
4395
2054
4634
4637
440
1907
4175
1136
1524
4490
2535
3157
1143
2864
4507
3572
2442
1033
298
4051
2725
1180
4839
3279
1641
2576
1871
3743
694
4778
171
2015
723
4119
4039
3465
4112
4266
503
2693
4805
4339
1207
4329
2471
1692
4166
2400
1114
2205
1626
2122
948
2649
3834
2107
2969
1253
543
4915
4366
1395
1499
3187
2950
4710
2711
2708
2784
4563
1831
3480
1133
3167
122
501
3799
520
2164
3773
215
3377
2046
3294
381
3524
2505
935
704
81
787
1087
1963
2435
2173
643
3379
3538
3619
1121
3545
1609
3160
350
2461
1995
3550
1673
4874
4349
3492
57
3458
4549
4283
535
3292
4695
3824
4764
625
0
3909
2886
2742
1710
1263
845
530
294
2366
4947
52
4873
2781
513
4178
1212
4178
2222
2156
3545
1824
4820
1116
2872
4280
4390
638
1963
867
152
3592
1954
2737
3443
1570
381
91
4517
1702
3965
1194
3726
1224
1202
3953
816
1995
118
4651
4107
984
2784
2005
3853
2713
4200
3108
1939
1810
635
2039
1480
2420
3282
1565
230
4603
948
1082
1812
2127
2637
4979
2603
2605
2530
4876
2857
3167
1446
3479
435
189
4112
833
2476
1541
528
3065
3267
2019
4307
1790
2193
3753
391
393
3902
4226
2276
2254
3140
4046
3692
1150
3931
3567
1143
1297
3472
662
2774
2693
1763
1360
440
340
1197
369
3145
765
406
848
2979
618
4136
76
4063
0
779
2427
1946
1397
1575
4468
4783
4981
2322
259
262
4815
2469
201
511
899
3865
3091
2469
3233
1512
132
4197
1817
408
4078
325
3350
4446
464
3904
2266
3050
3755
3118
4932
4598
796
3611
1348
3494
3414
911
3487
3641
3873
1683
430
4964
582
3704
1905
2317
3541
1976
4512
3421
2750
3504
323
1727
3209
2732
3594
1878
4918
4290
1260
4231
2877
2439
2676
335
2086
2083
2159
188
2545
2146
3243
3792
747
4876
4424
1145
2212
3148
840
2752
3580
2332
1006
2102
1880
1560
79
706
1412
4539
2588
3060
3453
3733
997
4163
4244
3255
4170
984
3785
975
1915
2381
2076
1048
752
4974
884
682
2168
1077
4908
3841
2667
931
552
4612
3751
0
467
2740
1634
3916
3113
4781
4905
4669
2010
4429
4427
498
2156
113
198
4414
3553
3404
2781
2920
3802
445
491
1504
4905
3765
13
1338
4759
4224
784
2422
1639
933
2806
245
4285
3892
1077
1661
3182
3101
4402
1827
1673
3560
1370
743
276
269
1609
3409
2371
1773
3338
176
3733
2437
1185
4991
1414
2896
1956
3907
2190
4605
1023
3428
4544
2564
2249
2989
4354
3228
1771
3155
501
2232
2542
2071
897
3941
437
4737
3543
1900
2835
1153
2440
1109
2644
3682
2586
3433
3128
4766
1018
1724
4851
2100
3372
1236
3421
4317
525
4556
2942
518
672
4097
1287
1602
2933
2613
4266
1065
286
572
994
2481
3611
220
1473
2647
3758
240
701
3438
0
154
1949
3680
772
2200
93
4593
645
3304
4117
887
4190
1844
4576
4886
4727
1761
1285
3094
2393
887
4244
4822
3809
4783
1548
4700
1026
4930
1089
4529
2891
1326
621
2508
4444
3973
3580
4236
3028
2132
2789
286
2862
1985
3248
3943
1055
589
4957
1922
1280
2059
2916
3650
137
4046
2125
4129
303
3899
2584
1644
782
2498
4293
3665
1885
4856
2252
3064
1700
960
1461
1458
1534
4188
1920
2230
2618
4417
3629
750
4952
3231
3414
2478
1465
2874
4205
2044
3370
2274
1255
2816
4454
1331
2964
4837
1788
1316
923
1893
4629
213
4869
2630
4795
359
4410
3401
1290
3245
2300
423
1377
4402
259
1307
2208
3299
533
1785
2042
3445
4927
3987
1875
0
4842
1636
1009
4541
2513
406
4280
957
3616
3804
1199
1123
1531
4263
428
4962
2073
4029
1595
2706
4427
3931
135
879
530
1861
613
713
384
3599
4842
1797
3987
308
2181
4131
3660
1734
4549
2286
2557
2476
4974
2549
2298
2066
745
1368
901
357
2767
4034
3255
2398
1038
450
643
3189
4441
4385
4212
2271
3670
4532
2815
1021
1648
2198
4832
3062
1624
3614
3729
1148
3855
1221
3875
3394
1917
2696
272
1685
1062
362
2918
3726
2210
3223
3186
4517
3269
3057
3040
4058
2498
4141
1643
2652
4525
3526
3997
4390
2796
59
101
4820
2684
108
47
279
1912
977
1443
1988
110
1690
911
4947
3382
1895
2015
845
2903
3272
1868
4615
1326
2188
0
472
1324
4305
147
2176
718
1033
3731
1072
3492
3489
1436
1219
3951
740
352
2615
4341
3719
3018
262
1382
447
567
843
2828
926
401
696
1714
154
3516
4300
5
3133
3819
3348
2046
4861
2403
2757
2164
4661
2237
2610
2623
4568
1680
1214
4332
2547
4346
3567
2710
4275
4239
4671
3501
247
928
477
3042
1019
157
1873
1333
1961
2510
4520
1627
1312
3926
1585
836
4168
909
3563
3706
3396
1993
4959
3004
3626
4327
2606
4039
1898
2090
1502
171
3582
2745
3352
4371
2810
3829
3045
2339
789
1163
691
298
2518
4747
4588
4507
2996
420
267
4966
2225
665
1131
3326
4798
2999
1224
367
3069
1583
2327
1158
2410
1417
2181
699
1639
2501
0
784
3990
384
4835
3138
3970
3655
1582
760
3179
3177
1748
4095
1363
1053
664
2698
347
4031
3331
52
3306
4241
4747
1155
2486
1238
88
3992
2027
4534
3829
389
318
3445
3506
3035
2642
4827
2911
3069
1851
4349
1924
2923
2310
4881
1993
1526
982
2142
342
3880
1978
413
3926
18
1187
66
1241
164
3355
4295
157
1561
3355
2728
2178
4207
1314
4002
762
3104
4478
4480
596
3250
982
3709
3321
354
2691
1687
987
2293
4351
1585
2403
1190
4859
3894
2432
1336
4683
3123
3516
2268
2027
3900
850
4622
4986
2830
4434
726
806
3309
733
579
347
2537
352
4183
3638
516
2315
3465
4322
2244
3731
2640
3531
2278
3897
2493
3990
3050
2188
0
3904
4302
71
4522
3450
1343
3343
1895
4554
2134
2864
2940
4407
3326
1365
4024
1990
4966
657
1358
4637
2994
1072
59
1468
2798
1551
225
3680
2339
779
860
76
4371
3758
1807
2723
2330
486
1778
3382
3462
4036
1612
3235
1998
4808
2696
1839
3707
1829
30
809
1666
101
3614
4705
4126
379
3448
149
1334
394
469
1248
1958
2586
3135
1106
1002
687
4551
2210
211
4793
284
2938
4331
980
1368
4334
2622
2000
1299
1981
337
1273
2286
4124
455
794
2881
1024
4996
3435
1797
2420
1714
3587
4463
66
328
1858
879
1038
3882
1380
3956
892
660
2151
40
4495
1050
4173
2374
3152
992
2444
4043
2952
3218
1966
4209
2195
1324
2737
1876
0
3592
386
4759
4210
1238
3345
3030
2794
4866
2554
2449
2628
4720
3013
3323
1289
1678
4722
4656
1045
677
2320
1385
4629
1780
1890
3138
4463
1634
2652
1092
4454
237
943
931
2881
2410
2984
799
3536
3694
3775
1277
3702
1453
3316
506
2383
2151
3394
3484
284
496
3648
4788
1700
4393
4439
691
3135
462
3980
81
782
936
2271
2898
3448
1419
689
4627
4864
2479
4898
4896
30
2376
4644
4334
1055
979
2935
2312
1612
1668
4976
4041
1973
4436
4234
4519
1807
4290
308
1253
2110
2893
3599
3275
4776
247
640
3455
1192
3650
3570
3934
1358
1204
4029
3162
4727
193
4263
3860
2061
2161
3697
2132
4356
1736
2906
1653
4522
1883
3365
2425
3438
0
3279
74
555
1104
926
1968
2283
2520
4822
2242
2239
2686
32
2300
3011
3399
3636
591
32
733
989
2632
1697
684
2093
1578
2825
850
1946
2964
1404
4766
550
1255
618
2432
2903
1705
1111
1153
994
4087
3411
987
1141
1373
818
2930
2537
1919
1204
596
184
3960
525
2012
4080
250
3997
2823
4227
4292
4769
1094
4378
2418
3211
1241
3270
4624
4939
4825
2166
4586
4583
4659
2688
4956
4646
4258
1292
3247
2376
1924
1356
4712
4353
3340
252
3921
4832
3506
399
621
4060
2579
1795
1089
2039
4913
4441
953
3768
3497
3338
1744
755
3331
1517
3716
3475
586
4881
4576
3548
1749
2527
3384
1819
333
1424
2593
3660
4834
3431
1949
2889
3750
0
2967
4761
4134
3585
4388
2281
2405
2169
4510
3072
1927
2003
345
2613
2303
1914
3948
4097
4720
4581
3699
2945
2991
997
2405
1265
2513
3838
2742
1724
3284
4922
862
3433
306
2256
3216
3609
3577
840
4319
4400
3099
4327
828
1060
1131
1758
2776
2769
4109
4092
130
728
838
2676
1233
64
1316
2491
3914
396
545
1407
4690
2896
3523
928
2957
4937
4749
4512
1854
4273
4271
655
3001
4732
4959
430
1604
1441
2937
2237
1043
601
4666
1348
4940
1392
144
3819
86
4068
4373
2735
3518
777
2650
4600
872
1265
4080
1817
1976
2056
442
1983
3172
3404
3787
4102
433
113
1766
3565
2215
1929
3494
20
3890
2720
3973
4854
3743
2261
1800
4063
0
2347
552
3821
1729
301
2593
2093
3145
804
3384
1614
3311
4344
2925
2386
2227
740
1216
4407
108
1614
1744
2322
1309
2718
4048
2200
3526
2430
1412
2029
4610
1175
3121
4993
1944
3528
1080
3265
4473
369
4712
2786
362
516
748
1443
1446
1912
2544
579
1221
442
4585
3851
2637
3455
4625
3372
2803
1399
84
4144
3282
3
1793
3836
616
2645
4752
564
4200
1541
3961
3958
967
3313
581
4730
118
1917
1129
1751
2452
4270
4087
4978
1036
374
3296
4544
4131
227
1246
316
3047
1170
4537
2337
713
1185
3423
4393
2129
2713
2369
4871
2706
2859
3091
901
3790
745
4800
2078
1124
3099
2242
1194
293
799
1968
716
459
945
2574
3514
626
0
2659
4136
1492
2960
4988
2906
1780
3457
1116
1304
3699
3623
4031
3238
2928
2539
4573
3472
906
4795
3074
1431
2635
1622
3030
4361
3113
3213
2884
3902
2342
4297
3514
2808
320
3370
3841
767
2049
215
57
25
2527
49
4798
4566
3245
1133
3401
2144
267
1534
4246
103
1463
2950
1858
689
1941
1885
1712
4771
3831
2032
315
3521
853
4698
2669
4439
4124
1114
1229
1353
1355
3721
1375
894
584
196
2772
4185
3562
2862
4583
3775
4710
4278
686
2017
769
4444
540
3443
4998
1641
4143
4849
2025
3975
3504
3111
296
2559
2601
2320
4817
2393
2547
2222
4412
3477
3943
4488
2610
811
3411
2447
4119
606
4515
1656
4598
4229
633
2886
3826
313
0
2972
1177
3196
2354
325
3218
3533
3770
1429
4009
989
3936
3719
1451
1761
2149
115
3160
1219
4483
2239
3882
2947
1934
3343
328
3426
2901
3196
4214
2347
1016
3201
2496
633
1319
4153
455
2640
98
4744
337
2161
4737
110
4878
2933
821
1287
3169
47
3155
3934
210
3226
1739
2171
1001
2254
1573
2977
542
1482
2344
4373
3833
540
4991
2981
874
3812
1426
916
1665
3333
3409
1063
3795
4105
508
2542
504
3875
1827
4895
3462
4398
411
4002
2671
1082
4756
4149
3130
4691
3672
545
4839
3289
1338
1810
2203
4983
2247
2913
2007
4505
2081
2234
2535
4725
1836
3631
826
2703
4502
1277
2134
4432
918
4827
1343
91
1084
4681
1802
862
5000
0
3284
3511
2117
2666
638
1470
1155
919
1741
4322
677
4248
3406
3863
1448
1837
4803
2154
1531
831
2449
806
1741
2754
3655
4986
3738
2588
1492
474
2034
1329
2112
2183
945
1006
4466
142
2327
4590
4432
650
1849
4424
423
4810
2620
508
975
1519
359
2842
1380
523
2088
3575
2518
1314
2435
3741
2664
855
1795
2344
4061
4146
4773
4678
1707
1187
3499
3262
4397
1978
3021
1905
750
1519
1209
821
2147
4810
4187
1514
208
3150
4085
4903
3690
2642
1394
69
3836
2183
4378
3985
4768
474
1400
3350
2879
2515
4671
1934
1775
3306
4192
3233
3079
2154
37
2852
1683
1138
1985
186
965
3179
257
3770
4861
3970
223
1397
4993
3511
4451
4688
0
1404
3199
2430
2979
4051
1158
4158
606
2947
367
364
4561
1907
826
1136
3477
511
2466
1844
1143
2864
494
3572
2559
3968
4703
950
2725
1180
162
1722
3360
2425
1871
3743
694
4778
4830
2015
723
882
4039
3465
4112
735
503
2308
4805
662
3794
672
2530
1692
835
2400
1114
2796
1626
2122
4053
2649
3834
2107
2032
3748
4458
4915
4366
1395
1499
1814
2051
291
2711
2293
2217
438
3170
1521
3868
3167
4879
501
3799
520
2164
3773
4786
1624
2046
3294
4620
1477
2496
935
704
4920
787
1087
3038
2435
2173
4358
3379
1463
3619
1121
3545
3392
3160
4651
2461
3006
3550
3328
127
4349
1509
57
1543
452
4283
535
1709
4695
1177
4764
4376
0
1092
2115
2742
1710
3738
4156
530
4707
2635
54
4949
128
2220
4488
4178
3789
823
2779
2845
3545
1824
4820
3885
2129
4280
611
4363
1963
4134
4849
3592
1954
2264
1558
1570
4620
91
484
3299
3965
3807
3726
1224
1202
3953
816
3006
118
350
4107
4017
2784
2996
1148
2713
4200
1893
1939
1810
4366
2962
1480
2420
3282
3436
4771
4603
948
3919
1812
2127
2637
22
2398
2396
2471
4876
2144
3167
3555
1522
435
4812
4112
833
2476
1541
528
1936
3267
2982
694
1790
2808
3753
391
393
3902
4226
2725
2254
1861
955
3692
3851
3931
3567
1143
3704
3472
662
2774
2308
1763
3641
440
4661
3804
369
3145
4236
4595
4153
2022
4383
4136
76
938
0
779
2574
1946
1397
1575
4468
218
20
2679
4742
4739
186
2532
201
4490
4102
3865
1910
2532
1768
3489
132
4197
3184
4593
4078
325
3350
4446
4537
1097
2266
1951
1246
3118
69
403
4205
1390
1348
1507
1587
4090
3487
3641
3873
3318
430
37
582
1297
3096
2684
1460
1976
4512
1580
2750
3504
4678
1727
3209
2732
1407
1878
4918
4290
1260
4231
2124
2562
2325
4666
2915
2083
2842
188
2456
2855
1758
1209
4254
125
4424
1145
2212
3148
4161
2752
3580
2332
1006
2102
1880
1560
79
4295
3589
4539
2413
3060
1548
1268
997
4163
757
1746
4170
984
1216
975
1915
2620
2076
3953
752
27
4117
682
2168
3924
4908
1160
2334
931
552
389
1250
0
467
2740
1634
3916
1888
220
96
332
2991
572
4427
4503
2845
4888
198
587
3553
1597
2220
2920
1199
445
491
3497
4905
1236
13
1338
242
777
784
2422
3362
4068
2806
4756
716
1109
1077
1661
1819
3101
4402
1827
3328
3560
3631
4258
4725
269
3392
1592
2371
3228
3338
4825
3733
2437
1185
4991
1414
2896
1956
1094
2190
396
1023
1573
457
2564
2752
2012
647
3228
1771
1846
501
2769
2542
2930
897
1060
437
264
1458
1900
2835
1153
2440
1109
2357
3682
2586
1568
1873
4766
1018
3277
4851
2901
1629
1236
1580
4317
525
4556
2942
518
672
904
1287
1602
2068
2613
735
1065
286
4429
994
2481
1390
220
3528
2354
1243
240
4300
1563
0
4847
1949
1321
772
2801
4908
408
4356
1697
884
4114
811
1844
4576
115
274
1761
3716
1907
2608
4114
757
4822
3809
218
3453
301
1026
4930
3912
472
2110
3675
4380
2508
557
1028
3580
765
3028
2132
2789
4715
2139
3016
3248
3943
3946
589
4957
3079
3721
2942
2085
3650
4864
955
2125
872
4698
3899
2584
3357
4219
2503
4293
3665
1885
145
2749
1937
1700
960
3540
1458
1534
813
3081
2771
2618
584
1372
4251
49
1770
3414
2478
1465
2874
796
2957
3370
2274
3746
2185
4454
3670
2037
164
1788
3685
4078
1893
4629
4788
132
2630
206
359
4410
3401
1290
1756
2300
4578
1377
599
4742
3694
2208
3299
533
3216
2959
3445
4927
3987
3126
0
159
1636
1009
4541
2488
4595
721
4044
1385
3804
1199
1123
1531
4263
4573
4962
2928
972
3406
2295
574
3931
4866
879
530
3140
4388
713
384
1402
4842
1797
3987
4693
2181
870
1341
3267
4549
2286
2444
2525
4974
2549
2298
2935
745
1368
4100
357
2234
4034
3255
2603
3963
4551
4358
3189
560
616
4212
2271
3670
469
2815
1021
3353
2198
169
1939
3377
1387
1272
1148
3855
3780
3875
3394
1917
2696
272
3316
1062
4639
2083
3726
2210
3223
3186
484
1732
3057
3040
943
2503
4141
1643
2349
476
3526
1004
4390
2796
59
4900
181
2684
4893
47
4722
1912
4024
3558
3013
4891
1690
4090
54
3382
3106
2015
845
2098
1729
1868
4615
3675
2813
0
472
1324
4305
4854
2825
4283
3968
3731
1072
1509
3489
1436
1219
1050
740
352
2386
660
3719
1983
4739
1382
447
4434
843
2173
4075
401
696
3287
4847
3516
4300
4996
3133
3819
1653
2046
140
2598
2757
2164
4661
2237
2610
2378
4568
3321
1214
669
2454
4346
1434
2710
726
762
4671
3501
4754
4073
477
1959
3982
4844
1873
1333
3040
2491
481
3374
3689
3926
1585
836
4168
4092
3563
1295
3396
3008
4959
1997
1375
674
2395
4039
3103
2090
1502
4830
1419
2745
3352
630
2191
3829
3045
2662
4212
1163
4310
298
2483
254
4588
494
2996
4581
267
4966
2225
4336
1131
1675
4798
2999
3777
367
3069
3418
2327
1158
2591
3584
2181
4302
3362
2500
0
784
3990
384
166
3138
1031
1346
1582
760
1822
3177
1748
4095
1363
1053
664
2698
4654
4031
1670
4949
3306
760
4747
1155
2515
3763
4913
3992
2027
467
3829
389
4683
1556
3506
1966
2359
4827
2090
3069
3150
4349
3077
2923
2691
4881
3008
1526
982
2142
4659
1121
3023
4588
1075
18
1187
4935
3760
164
3355
706
4844
1561
3355
2273
2823
4207
3687
4002
762
3104
523
4480
596
3250
982
3709
3321
354
2691
1687
4014
2708
4351
3416
2403
1190
142
1107
2569
1336
4683
3123
3516
2268
2974
1101
4151
379
15
2171
4434
726
4195
3309
4268
579
4654
2537
4649
4183
1363
516
2315
1536
4322
2757
1270
2640
3531
2723
3897
2508
1011
1951
2188
0
3904
4302
71
479
1551
1343
3343
1895
4554
2867
2137
2940
4407
3326
1365
4024
1990
4966
4344
3643
364
2007
3929
59
1468
2798
1551
225
3680
2339
779
4141
76
630
1243
1807
2278
2330
4515
1778
3382
1539
4036
3389
1766
1998
4808
2305
1839
1294
1829
4971
4192
3335
4900
1387
4705
4126
4622
3448
149
1334
4607
469
3753
1958
2415
1866
3895
3999
687
4551
2210
211
4793
284
2063
4331
980
1368
4334
2622
3001
3702
3020
4664
3728
2286
4124
4546
4207
2120
1024
4996
1566
1797
2420
3287
1414
4463
4935
328
1858
879
1038
1119
1380
1045
892
4341
2151
4961
4495
1050
4173
2627
1849
992
2557
958
2952
3218
3035
4209
2195
3677
2264
1876
0
1409
386
242
791
1238
3345
3030
2794
4866
2554
2449
2628
4720
3013
3323
1289
1678
279
345
1045
4324
2320
3616
372
1780
1890
3138
4463
3367
2652
3909
4454
237
943
4070
2881
2591
2017
799
1465
3694
1226
1277
1299
1453
1685
506
2618
2151
1607
3484
284
4505
3648
213
3301
4393
4439
4310
3135
4539
3980
4920
4219
936
2271
2103
1553
1419
4312
4627
4864
2479
4898
4896
30
2376
4644
4334
1055
979
2935
2312
3389
3333
25
960
1973
4436
767
482
3194
4290
308
3748
2891
2893
1402
1726
4776
4754
4361
3455
3809
3650
1431
3934
3643
3797
972
3162
274
193
738
3860
2061
2161
3697
2869
645
1736
2095
1653
4522
3118
1636
2576
3438
0
3279
74
4446
3897
4075
3033
2283
2481
4822
2759
2762
2686
4969
2300
1990
3399
3636
591
32
4268
989
2369
3304
4317
2093
3423
2176
850
1946
2964
1404
4766
550
1255
4383
2432
2903
3296
1111
3848
994
914
3411
4014
1141
3628
4183
2930
2537
3082
1204
4405
184
3960
4476
2989
4080
250
1004
2823
4227
709
232
1094
4378
2418
1790
3760
1731
4624
4939
4825
2166
415
4583
4659
2688
45
355
743
3709
3247
2376
3077
3645
289
648
1661
252
3921
169
1495
4602
621
941
2422
1795
3912
2962
4913
560
4048
3768
1504
3338
3257
4246
1670
3484
1285
1526
586
4881
425
3548
1749
2527
1617
3182
4668
3577
2593
3660
4834
3431
1949
2889
3750
0
2967
4761
867
1416
4388
2281
2405
2169
491
1929
3074
2003
4656
2613
2303
3087
3948
4097
4720
420
3699
2056
2010
4004
2405
1265
2513
1163
2259
1724
1717
79
4139
3433
4695
2256
3216
1392
3577
4161
4319
601
3099
674
4173
3941
3870
1758
2225
2232
892
909
130
728
838
2676
1233
4937
3685
2491
1087
4605
4456
1407
4690
2105
3523
928
2957
64
252
4512
3147
4273
4271
4346
2000
4732
42
430
1604
1441
2937
2237
3958
4400
4666
3653
4940
1392
144
1182
4915
4068
628
2266
3518
777
2650
4600
4129
3736
921
3184
1976
2945
4559
3018
3172
3404
3787
899
4568
4888
1766
1436
2215
1929
3494
4981
1111
2281
1028
4854
1258
2740
1800
4063
0
2654
552
1180
3272
301
2593
2093
3145
4197
1617
3387
1690
4344
2925
2615
2774
740
1216
594
108
1614
3257
2679
1309
2283
4048
2200
1475
2430
1412
2029
391
3826
3121
4993
1944
3528
3921
1736
528
369
289
2215
362
4485
4253
3558
1446
1912
2457
579
3780
442
416
1150
2637
1546
376
3372
2803
1399
4917
857
3282
4998
1793
1165
616
2645
249
4437
4200
1541
3961
1043
967
1688
4420
271
118
3084
3872
3250
2452
4270
914
23
3965
374
3296
4544
870
4774
1246
316
1954
3831
4537
2664
713
1185
1578
4393
2872
2288
2369
130
2706
2142
3091
4100
1211
4256
201
2078
3877
3099
2242
1194
293
799
3033
716
459
4056
2427
1487
626
0
2342
865
3509
2041
4988
2906
1780
1544
3885
1304
1302
1378
970
3238
2073
2539
428
1529
4095
4795
3074
3570
2635
3379
3030
4361
3113
1788
2117
3902
2342
704
1487
2808
320
1631
3841
4234
2049
4786
4944
25
2474
4952
4798
4566
1756
3868
1600
2857
4734
3467
4246
4898
1463
2950
3143
4312
3060
3116
3289
230
3831
2032
4686
1480
853
303
2669
4439
4124
1114
3772
3648
3646
1280
1375
4107
4417
196
2229
4185
3562
2862
4583
1226
291
723
686
2017
769
557
4461
3443
4998
3360
4143
4849
2025
3975
3504
1890
296
2442
2400
2320
184
2393
2454
2222
589
3477
1058
513
2391
4190
3411
2554
882
606
486
3345
4598
4229
4368
2115
3826
313
0

